1.28919900e+0 8.30821314e+0 4.63943389e+0 2.65865796e+0 5.90731306e+0 6.60409232e+0 2.66091114e+0 3.40977646e+0 1.43497022e+0 1.73158160e+0 2.72314297e+0 1.31948074e+0 3.99461275e+0 1.12277517e+0 3.56534270e+0 2.82995855e+0 2.87414679e+0 1.48858386e+0 3.02843654e+0 4.66965339e+0 9.07691463e+0 2.57752975e+0 1.54212569e+0 2.90055406e+0 5.41759016e+0 9.06374433e+0 4.54764495e+0 4.79625195e+0 2.33533882e+0 3.58362323e+0 
1.28919900e+0 8.27124256e+0 7.28032922e+0 2.65865730e+0 3.32232976e+0 4.79526841e+0 2.66091063e+0 3.40977564e+0 1.43497022e+0 1.73158160e+0 2.72314297e+0 2.35975437e+0 3.99461275e+0 4.01598624e+0 3.56534217e+0 2.82995855e+0 2.87414679e+0 8.98158358e+0 7.58625273e+0 2.79185992e+0 1.99996621e+0 2.31615930e+0 1.54212556e+0 4.34013001e+0 4.97414701e+0 8.80484804e+0 1.52796120e+0 8.62202737e+0 2.21155886e+0 3.46071467e+0 
1.28919900e+0 1.70048808e+0 4.69050062e+0 2.65865730e+0 3.32232976e+0 4.59188921e+0 2.66091063e+0 3.40977564e+0 1.43497022e+0 1.73158160e+0 2.72314297e+0 2.35975437e+0 3.99461275e+0 3.83311614e+0 2.33060677e+0 1.61265305e+0 2.87414679e+0 6.16499850e+0 7.58625273e+0 2.79185992e+0 1.99996621e+0 2.31615930e+0 1.13848236e+0 4.34013001e+0 4.97414701e+0 8.80484804e+0 1.52796120e+0 8.62202737e+0 2.21155886e+0 3.46071467e+0 
1.28919900e+0 1.70048808e+0 4.69050062e+0 2.65865730e+0 3.32232976e+0 4.59188921e+0 2.10878618e+0 3.40977564e+0 1.43497022e+0 9.79399375e+0 2.02458894e+0 7.79890911e+0 3.93884615e+0 3.83311614e+0 2.33060677e+0 1.61265305e+0 2.87414679e+0 6.16499850e+0 7.58625273e+0 2.79185992e+0 1.99996621e+0 2.31615930e+0 1.13848236e+0 4.34013001e+0 4.97414701e+0 8.80484804e+0 1.52796120e+0 8.62202737e+0 2.21155886e+0 2.80906949e+0 
1.25133982e+0 1.70048808e+0 4.69050062e+0 1.64458778e+0 1.00392516e+0 3.13171209e+0 2.08480726e+0 3.40977555e+0 9.79785652e+0 9.79399375e+0 2.02458894e+0 7.79890911e+0 1.26481918e+0 1.31167370e+0 1.79957519e+0 1.61265305e+0 1.31310749e+0 2.81097944e+0 4.00388649e+0 5.97046720e+0 1.99996621e+0 1.82572067e+0 1.13848236e+0 3.65290075e+0 2.23796621e+0 8.80484804e+0 7.74375086e+0 1.38825290e+0 1.94152728e+0 2.80906949e+0 
9.94096634e+0 8.87310758e+0 7.40471324e+0 1.64458778e+0 1.12752474e+0 1.50074551e+0 1.56565650e+0 4.50999102e+0 9.79785652e+0 5.87065081e+0 5.98982239e+0 7.79889601e+0 1.26481918e+0 6.33270246e+0 1.13731517e+0 6.54461444e+0 1.31310749e+0 7.78847979e+0 4.00388649e+0 5.97046720e+0 8.16615900e+0 1.82572067e+0 3.69611261e+0 2.29715924e+0 2.23796621e+0 5.37037864e+0 7.74375086e+0 1.38825290e+0 1.53404084e+0 1.35806033e+0 
9.94096634e+0 8.87310758e+0 7.19369719e+0 1.64458626e+0 5.45427820e+0 3.05117530e+0 1.56565650e+0 4.50999102e+0 2.50287629e+0 1.82788202e+0 5.98981868e+0 7.79889601e+0 1.26481918e+0 4.12910013e+0 5.60064384e+0 2.83092322e+0 6.29601328e+0 7.78847979e+0 3.34745840e+0 2.53738716e+0 5.46865740e+0 1.70822510e+0 3.69611261e+0 2.29715924e+0 3.98442584e+0 5.37037864e+0 5.56821922e+0 1.38825290e+0 1.84252584e+0 1.35806033e+0 
4.45756829e+0 1.28724668e+0 7.06538027e+0 1.64458626e+0 5.45427820e+0 3.69916068e+0 1.56565650e+0 4.49403439e+0 1.24400828e+0 1.82788202e+0 1.62400666e+0 7.79889601e+0 5.12896947e+0 3.60824155e+0 1.29435061e+0 1.03982134e+0 2.90688121e+0 3.81755358e+0 3.16633577e+0 1.09449038e+0 3.12213644e+0 4.93911746e+0 2.06047421e+0 2.29715537e+0 3.03607186e+0 2.65738878e+0 5.22377480e+0 1.12055400e+0 1.15782644e+0 1.35806033e+0 
1.02615397e+0 6.16665844e+0 4.27887906e+0 1.07560078e+0 7.44678758e+0 3.69916068e+0 6.35406509e+0 4.49403439e+0 2.82338775e+0 9.96630598e+0 1.19182203e+0 3.44656637e+0 5.12896947e+0 3.46780332e+0 6.69099151e+0 2.34327353e+0 3.44056065e+0 6.47277963e+0 4.04013463e+0 1.09447600e+0 1.19665285e+0 3.76350553e+0 5.82988538e+0 2.39639538e+0 1.44694417e+0 4.92124066e+0 3.18704504e+0 2.08010380e+0 7.64863768e+0 1.32616824e+0 
8.71678906e+0 1.20669183e+0 2.10538956e+0 9.42672607e+0 1.94121574e+0 3.78007151e+0 4.06472677e+0 6.60974897e+0 2.07046098e+0 5.86358442e+0 7.23906677e+0 1.71320894e+0 4.27203520e+0 1.52620447e+0 4.65496942e+0 1.64572199e+0 1.26794365e+0 9.50692896e+0 1.24745899e+0 3.99996067e+0 7.84040080e+0 1.18788797e+0 2.64740010e+0 5.08980248e+0 5.86687349e+0 1.23260155e+0 5.54783853e+0 3.72632156e+0 5.28897910e+0 2.06199084e+0 
7.98422695e+0 2.18284195e+0 2.98236914e+0 8.31222444e+0 2.38644077e+0 1.74220196e+0 7.34502410e+0 3.63236643e+0 7.60638961e+0 4.87971328e+0 6.74523389e+0 1.15099393e+0 1.40514250e+0 6.03293929e+0 2.49758073e+0 4.68028642e+0 1.26784422e+0 4.36101148e+0 3.54402538e+0 4.51975855e+0 4.42636097e+0 3.15388657e+0 1.18835974e+0 1.64277176e+0 6.20223630e+0 1.26712890e+0 1.58424866e+0 1.22081258e+0 8.69310717e+0 6.06143139e+0 
1.49703540e+0 3.24788918e+0 3.91221563e+0 4.72953272e+0 5.99021743e+0 7.14466197e+0 4.08029447e+0 2.42408223e+0 2.72615414e+0 2.69201067e+0 1.27934654e+0 3.23243757e+0 9.42947824e+0 4.78993654e+0 4.32594032e+0 3.61417252e+0 8.20702944e+0 4.28147841e+0 6.30494379e+0 7.45195407e+0 1.45746993e+0 5.07869936e+0 1.24566851e+0 2.01162994e+0 4.80575187e+0 5.99444131e+0 3.79257464e+0 6.44355790e+0 2.73897495e+0 7.68635159e+0 
8.73305666e+0 4.78126683e+0 1.37669078e+0 9.38053540e+0 6.40766691e+0 8.65963169e+0 1.21941410e+0 8.74179812e+0 1.29470900e+0 1.85800968e+0 2.28192528e+0 8.12412688e+0 2.79713152e+0 1.06271106e+0 5.02719124e+0 1.82709270e+0 6.51685872e+0 2.18650589e+0 1.35296472e+0 2.27172168e+0 1.58877185e+0 1.18180010e+0 5.40760533e+0 3.18847834e+0 4.33031355e+0 8.48509419e+0 1.40349528e+0 5.49095590e+0 1.04247365e+0 4.90106197e+0 
6.70834845e+0 3.89250628e+0 6.21442842e+0 5.64281997e+0 3.83993058e+0 7.48733757e+0 3.17859554e+0 6.58018869e+0 2.48509940e+0 8.96770974e+0 4.43320626e+0 2.01588135e+0 1.71179587e+0 5.03111741e+0 9.61347393e+0 1.00809718e+0 1.01344663e+0 7.56390969e+0 9.12880797e+0 2.66600140e+0 1.06173040e+0 7.04317067e+0 2.41640601e+0 1.91133836e+0 1.39259643e+0 4.30889661e+0 2.13419887e+0 5.96923558e+0 4.69943687e+0 6.01082166e+0 
1.33104666e+0 7.26785294e-0 2.06430820e+0 1.89444798e+0 2.20029146e+0 2.59344654e+0 4.97958379e+0 4.63225721e+0 4.52952803e-0 5.20631453e+0 4.33273440e+0 1.05087477e+0 2.76396187e+0 4.73750358e+0 6.46068246e-0 4.85066108e+0 2.35668143e+0 5.84422088e+0 7.64478288e-0 5.56971238e+0 3.03295506e+0 5.22735737e+0 3.48060948e+0 9.42859727e+0 6.08141074e+0 3.15583390e+0 3.28711725e+0 7.32060520e+0 3.54766972e+0 2.45485414e+0 
2.49119598e-0 3.79932620e-0 4.83257616e-0 3.21394520e-0 3.26081127e-0 1.21923455e+0 7.21520356e-0 3.65383621e-0 2.02274091e-0 2.42612176e-0 1.91434246e-0 3.76355508e-0 1.19984752e+0 5.30477538e-0 5.60348133e-0 2.67646305e-0 1.86904976e-0 2.82911604e-0 2.50467616e-0 1.49936524e-0 7.23304351e-0 3.81854260e-0 1.02715674e+0 2.68853689e-0 3.65574531e-0 5.46764553e-0 1.94654735e-0 4.03851743e-0 3.69651412e-0 1.90401484e-0 
200000 200000 200000 200000 200000 200000 200000 200000 200000 200000 200000 200000 200000 200000 200000 200000 200000 200000 200000 200000 200000 200000 200000 200000 200000 200000 200000 200000 200000 200000 
