2.14748365e+0 2.14748365e+0 2.14748365e+0 2.14748365e+0 2.14748365e+0 2.08696620e+0 2.14748365e+0 2.14748365e+0 2.14748365e+0 2.14748365e+0 2.14748365e+0 2.14748365e+0 2.14748365e+0 2.14748365e+0 2.14748365e+0 2.14748365e+0 2.14748365e+0 2.14748365e+0 2.14748365e+0 2.14748365e+0 2.14748365e+0 2.14748365e+0 2.14748365e+0 2.14748365e+0 2.14748365e+0 2.14748365e+0 2.14748365e+0 2.14748365e+0 2.14748365e+0 2.14748365e+0 
2.78816293e+0 7.64407421e+0 2.38557063e+0 2.35871574e+0 2.85309608e+0 4.38937936e+0 2.60148102e+0 2.39226257e+0 3.81784220e+0 3.88307252e+0 4.21346243e+0 3.43511869e+0 5.31267898e+0 3.70919583e+0 7.34865586e+0 2.88096410e+0 3.97831249e+0 4.90031768e+0 6.31062971e+0 4.61540627e+0 3.36348968e+0 6.21844374e+0 7.11291522e+0 2.94056976e+0 6.91640273e+0 4.20253357e+0 5.12463227e+0 3.09197381e+0 7.78998105e+0 4.60555631e+0 
2.78816293e+0 4.54391447e+0 1.99552231e+0 2.35871574e+0 2.57204802e+0 4.38937936e+0 2.60148102e+0 2.39226257e+0 3.81784220e+0 3.88307252e+0 4.21346243e+0 3.43511869e+0 4.93818643e+0 3.70919583e+0 4.18089438e+0 2.88096410e+0 3.97831249e+0 3.69271139e+0 2.93613329e+0 2.16759810e+0 3.31272224e+0 6.15336307e+0 6.43763592e+0 2.94056976e+0 6.34717996e+0 4.20253357e+0 2.67849757e+0 3.09197381e+0 2.90285660e+0 2.12106997e+0 
2.78816293e+0 2.32547426e+0 1.99552231e+0 2.35871574e+0 2.57204802e+0 4.38937936e+0 2.60148102e+0 2.39226257e+0 3.01640634e+0 3.88307252e+0 4.21346243e+0 3.43511869e+0 4.78494380e+0 3.70919583e+0 3.39876378e+0 2.88096410e+0 3.97831249e+0 3.69271139e+0 2.93613329e+0 2.16759810e+0 3.31272224e+0 6.15336307e+0 6.43763592e+0 2.94056976e+0 6.34717996e+0 4.20253357e+0 2.67849757e+0 3.09197381e+0 2.90285660e+0 2.12106997e+0 
1.88340764e+0 2.20277747e+0 1.17172573e+0 2.35871574e+0 8.09515863e+0 4.03216857e+0 9.24931474e+0 1.72361706e+0 3.01640634e+0 1.71987762e+0 1.73513992e+0 2.56221605e+0 2.12105851e+0 3.61878784e+0 3.39876378e+0 1.38609729e+0 3.16158001e+0 2.35969577e+0 1.90804978e+0 1.70937089e+0 3.28646835e+0 4.03582913e+0 2.47778984e+0 2.69154913e+0 3.38884962e+0 2.13354306e+0 2.27980802e+0 2.26055536e+0 2.22850833e+0 2.12106997e+0 
9.55653410e+0 1.87651498e+0 7.01479700e+0 1.32241672e+0 8.09515863e+0 4.03216857e+0 9.24931474e+0 8.15792076e+0 1.03180717e+0 7.90883332e+0 1.73513992e+0 1.52168301e+0 1.50952368e+0 1.52632041e+0 2.80335697e+0 1.38609729e+0 3.16157995e+0 9.67815805e+0 1.90804978e+0 1.47704328e+0 2.15440229e+0 2.57399812e+0 9.20017027e+0 1.85800396e+0 2.21349138e+0 2.13354306e+0 1.57544305e+0 1.39964683e+0 1.88472645e+0 1.58703263e+0 
9.55653410e+0 1.26085696e+0 7.01479700e+0 9.25825579e+0 7.28081193e+0 4.03209653e+0 8.07788742e+0 8.15792076e+0 1.03180717e+0 7.90883332e+0 5.33329382e+0 1.41748399e+0 4.69271228e+0 1.52632041e+0 1.30706553e+0 9.78743848e+0 9.67874910e+0 9.67815805e+0 1.48747020e+0 6.99841538e+0 1.04874004e+0 1.32299381e+0 4.89835297e+0 1.66476801e+0 7.59041016e+0 4.77006423e+0 7.68025109e+0 4.84947392e+0 9.56312322e+0 1.26340642e+0 
4.80662286e+0 4.04441621e+0 4.07623326e+0 4.30150468e+0 1.86145975e+0 4.03209650e+0 3.95375070e+0 3.90393605e+0 3.85325671e+0 5.73311010e+0 1.82339701e+0 3.12518293e+0 4.69271228e+0 4.57534511e+0 3.47938997e+0 1.70991997e+0 4.56437151e+0 2.18003702e+0 5.79868086e+0 3.88970473e+0 4.79034653e+0 3.99205011e+0 3.83914240e+0 5.99335701e+0 4.26067606e+0 2.48917791e+0 2.76623553e+0 1.91364490e+0 5.81392267e+0 4.97779625e+0 
4.00904455e+0 2.44920639e+0 1.30715445e+0 8.37423480e+0 5.52855255e+0 6.67035035e+0 1.89295552e+0 5.22143551e+0 7.57581139e+0 1.84907083e+0 9.93788073e+0 1.01278206e+0 1.28926494e+0 6.09580428e+0 8.84412982e+0 7.58815297e+0 1.17668323e+0 1.33284148e+0 1.75720249e+0 1.35642381e+0 8.58595656e+0 1.71042072e+0 6.91504499e+0 1.30989600e+0 7.46726456e+0 3.39467563e+0 3.98647122e+0 1.00934131e+0 4.87175017e+0 1.65645957e+0 
1.80366889e+0 1.19850406e+0 2.95377975e+0 6.70578028e+0 1.67068796e+0 5.56067305e+0 3.13642215e+0 1.51408387e+0 1.19931882e+0 3.49509989e+0 1.10866955e+0 2.39942176e+0 1.97886767e+0 2.32845486e+0 1.25479897e+0 1.80884644e+0 1.49443580e+0 1.54783619e+0 2.32782246e+0 3.09127378e+0 1.42889253e+0 1.26492725e+0 1.18074952e+0 2.13123364e+0 1.37565816e+0 3.31921736e+0 1.53368071e+0 1.26122537e+0 1.37538260e+0 3.06855309e+0 
1.80364318e+0 1.62320753e+0 7.97864047e+0 7.80783839e+0 2.57004398e+0 1.52483893e+0 2.42949983e+0 2.49255116e+0 2.59397866e+0 2.19112207e+0 1.18437209e+0 4.59042553e+0 1.01884133e+0 5.10257958e+0 1.23110185e+0 4.55193697e+0 2.20126206e+0 2.58373536e+0 2.54158330e+0 2.77312815e+0 3.90005255e+0 1.90069438e+0 1.10818304e+0 2.40903905e+0 1.23662878e+0 1.23053064e+0 1.26518786e+0 7.14649960e+0 1.19489713e+0 4.06920123e+0 
3.55220952e+0 3.57465251e+0 1.42659234e+0 9.24059658e+0 5.32547401e+0 9.27249536e+0 3.27230330e+0 1.60192518e+0 8.25103175e+0 2.13713508e+0 2.87105191e+0 1.66450956e+0 2.73523377e+0 6.48743425e+0 2.30412425e+0 3.77594714e+0 1.90329237e+0 1.00215256e+0 1.01272962e+0 9.62326923e+0 2.88091363e+0 6.69433507e+0 1.49388170e+0 1.67205097e+0 2.19230962e+0 1.23365574e+0 4.16406841e+0 1.18017184e+0 1.39960619e+0 1.22782157e+0 
1.64767887e+0 1.50467822e+0 1.57118573e+0 1.22308832e+0 7.07317595e+0 8.06129022e+0 2.42600925e+0 1.56803741e+0 8.21886838e+0 1.08851097e+0 1.42616075e+0 5.67821336e+0 1.16081233e+0 1.30526888e+0 1.41167958e+0 1.53133752e+0 6.09337085e+0 8.93681348e+0 9.85637750e+0 5.16414966e+0 1.10255380e+0 7.26794104e+0 2.07685958e+0 2.76593980e+0 1.97839193e+0 2.58841624e+0 1.02469953e+0 1.88378363e+0 1.33951877e+0 3.01833120e+0 
1.52248133e+0 1.29434065e+0 6.74519115e+0 5.80573579e+0 3.77456513e+0 6.13826206e+0 2.42600925e+0 6.32044035e+0 2.36136823e+0 1.08851097e+0 2.47257629e+0 2.38386095e+0 9.14914256e+0 1.06137342e+0 5.38434160e+0 6.80029839e+0 5.86308462e+0 8.93681348e+0 5.76817070e+0 5.29424507e+0 1.61892386e+0 2.85409822e+0 6.36176404e+0 1.73232264e+0 1.45329584e+0 3.76500750e+0 5.29005607e+0 7.88681318e+0 2.03837045e+0 3.37995414e+0 
6.16007975e+0 2.91830416e+0 6.67873490e+0 5.80573579e+0 1.99914860e+0 6.13826206e+0 2.32177505e+0 5.21605274e+0 1.03814518e+0 1.08851097e+0 2.47257629e+0 1.71523942e+0 9.09283447e+0 1.15228476e+0 5.38434160e+0 6.80029839e+0 1.48979393e+0 8.93681348e+0 5.55289875e+0 5.29424507e+0 1.17345973e+0 1.84105573e+0 6.03020256e+0 6.57710106e+0 5.38347635e+0 1.16156865e+0 3.58671694e+0 7.88681318e+0 2.03837045e+0 4.55240888e+0 
3.30055719e+0 2.86533252e+0 1.78769083e+0 2.55600021e+0 2.67436820e+0 1.41659678e+0 2.05839946e+0 3.58114292e+0 1.08172001e+0 5.15780824e+0 5.07404110e+0 1.63848823e+0 8.42538460e+0 7.86101599e+0 1.61530043e+0 1.82018498e+0 4.03400172e+0 1.42317555e+0 2.61142372e+0 5.29424507e+0 6.56569971e+0 1.56382716e+0 1.00742142e+0 6.45942693e+0 4.26019978e+0 1.37088157e+0 4.84169113e+0 4.14683906e+0 7.09755935e+0 3.97531511e+0 
1000000 1000000 1000000 1000000 1000000 1000000 1000000 1000000 1000000 1000000 1000000 1000000 1000000 1000000 1000000 1000000 1000000 1000000 1000000 1000000 1000000 1000000 1000000 1000000 1000000 1000000 1000000 1000000 1000000 1000000 
