9.28509080e+05 8.07592595e+05 9.02566049e+04 1.49474083e+05 8.12420133e+04 1.76316495e+07 9.81432868e+04 1.33148428e+07 1.05152841e+07 1.27380374e+05 1.08741344e+05 1.29446682e+05 8.73684806e+04 1.17029815e+05 8.48368485e+06 8.08852044e+07 1.20411339e+05 9.65287569e+04 3.73254936e+05 4.07633780e+05 1.03524395e+05 3.88372181e+05 1.84811440e+06 1.71058925e+07 8.94796782e+04 1.13919933e+05 1.16121498e+05 5.16246931e+04 1.76049297e+05 5.37305414e+06 
9.69970029e+04 8.66109323e+04 4.28866781e+04 7.97460378e+04 5.89558845e+04 1.06057530e+05 9.81432868e+04 2.13193248e+05 1.14609222e+05 9.56571807e+04 1.08741344e+05 1.13841309e+05 6.73108203e+04 1.00877213e+05 1.23957140e+05 2.63390980e+06 1.20411339e+05 8.23285343e+04 1.74517242e+05 8.12559907e+04 9.90009910e+04 5.29285741e+04 1.03549455e+05 3.34594331e+06 8.50721575e+04 1.13919933e+05 9.24541476e+04 5.16246931e+04 7.72238428e+04 9.47031089e+04 
9.69970029e+04 7.42320399e+04 4.28866781e+04 7.17941360e+04 5.89558845e+04 7.02584054e+04 5.21178731e+04 1.48696754e+05 7.20514428e+04 7.99208783e+04 1.08741344e+05 7.63710791e+04 6.73108203e+04 6.28572414e+04 5.67264578e+04 9.67067084e+04 1.20411339e+05 6.96322224e+04 5.30877913e+04 8.12559907e+04 9.18952295e+04 5.29285741e+04 6.35816051e+04 1.95025654e+05 8.50721575e+04 7.63870422e+04 6.03849809e+04 5.16246931e+04 7.72238428e+04 5.98545730e+04 
9.69970029e+04 7.42320399e+04 4.28866781e+04 7.17941360e+04 5.89558845e+04 7.02584054e+04 5.21178731e+04 1.03525887e+05 7.20514428e+04 5.44077897e+04 1.08741344e+05 7.17072866e+04 6.73108203e+04 6.28572414e+04 5.67264578e+04 9.67067084e+04 6.35528236e+04 5.51093921e+04 5.30877913e+04 8.12559907e+04 8.06679288e+04 5.29285741e+04 6.35816051e+04 1.95025654e+05 8.50721575e+04 7.63870422e+04 6.03849809e+04 5.16246931e+04 7.72238428e+04 5.98545730e+04 
8.35688973e+04 7.42320399e+04 4.28866781e+04 7.17941360e+04 5.89558845e+04 7.02584054e+04 5.21178731e+04 1.03525887e+05 6.82414333e+04 5.44077897e+04 7.26977690e+04 7.17072866e+04 6.73108203e+04 6.28572414e+04 5.67264578e+04 9.26114277e+04 5.62898505e+04 5.51093921e+04 5.30877913e+04 8.12559907e+04 7.60105004e+04 5.29285741e+04 4.03273799e+04 7.05696171e+04 8.50721575e+04 7.63870422e+04 6.03849809e+04 5.16246931e+04 7.13741331e+04 5.98545730e+04 
4.64442899e+04 6.20377939e+04 4.28866781e+04 6.52566702e+04 5.59806788e+04 5.64403374e+04 5.21178731e+04 6.75843942e+04 6.28260620e+04 5.44077897e+04 6.51560755e+04 5.28002133e+04 4.31292262e+04 4.44289427e+04 5.67264578e+04 7.11102160e+04 4.65696955e+04 5.51093921e+04 5.30877913e+04 5.04130710e+04 7.03678154e+04 5.29285741e+04 4.03273799e+04 6.01487846e+04 6.35754942e+04 7.03035074e+04 4.47468166e+04 4.74507972e+04 6.31966642e+04 5.64999370e+04 
4.64442899e+04 4.28627563e+04 3.11761673e+04 5.69839816e+04 4.66332354e+04 5.64403374e+04 5.21178731e+04 3.78566093e+04 4.84227012e+04 4.76512784e+04 4.98606212e+04 3.77500207e+04 4.31292262e+04 2.59943747e+04 3.45989172e+04 5.47344594e+04 4.42700892e+04 4.74184223e+04 4.83891241e+04 4.68359874e+04 5.35310765e+04 5.29285741e+04 4.03273799e+04 5.41900634e+04 4.63350645e+04 6.10829922e+04 4.47468166e+04 4.74507972e+04 4.22786218e+04 5.50475357e+04 
4.57357928e+04 3.35623974e+04 3.11761673e+04 5.59882572e+04 4.04421591e+04 3.75292551e+04 4.71220033e+04 3.56871193e+04 4.53023278e+04 3.91423883e+04 4.43479911e+04 2.76811885e+04 4.31292262e+04 2.59943747e+04 3.45989172e+04 3.98882212e+04 3.98826990e+04 4.49236876e+04 4.65865543e+04 3.84802155e+04 4.70453932e+04 4.40132087e+04 3.90896254e+04 5.17170444e+04 4.63350645e+04 3.89580190e+04 4.15808582e+04 4.56452178e+04 4.13434298e+04 5.09078309e+04 
4.57357928e+04 3.35623974e+04 2.67749816e+04 3.75518039e+04 4.04421591e+04 3.75292551e+04 4.63527759e+04 3.56871193e+04 3.25221701e+04 3.91423883e+04 4.43224017e+04 2.76811885e+04 3.54011225e+04 2.22987905e+04 2.52700280e+04 3.98882212e+04 3.98826990e+04 4.49236876e+04 2.55323069e+04 3.84802155e+04 4.12900619e+04 3.49453366e+04 3.90873324e+04 4.72102148e+04 3.25966638e+04 3.89580190e+04 4.13176219e+04 4.30253504e+04 4.13434298e+04 4.49477990e+04 
3.73596102e+04 2.91088106e+04 2.22719456e+04 3.10394332e+04 4.04024752e+04 3.69625861e+04 3.87492730e+04 3.55107480e+04 3.13116445e+04 3.24513957e+04 3.89371976e+04 2.24490033e+04 2.98566560e+04 2.22987905e+04 2.52700280e+04 3.86528485e+04 3.86600470e+04 3.94323654e+04 2.29701103e+04 2.84560779e+04 3.74912245e+04 2.67549959e+04 3.61874278e+04 4.54811304e+04 3.25966638e+04 3.52755239e+04 3.81646427e+04 3.58393748e+04 3.93049776e+04 4.03040135e+04 
3.03219190e+04 2.91088106e+04 1.85662831e+04 1.91004948e+04 2.62724457e+04 3.58115739e+04 3.30484423e+04 3.23627575e+04 2.73690729e+04 3.23421868e+04 3.37611255e+04 2.24490033e+04 2.53024588e+04 2.09865106e+04 1.91708080e+04 2.36380279e+04 3.85961910e+04 2.59382177e+04 2.08392252e+04 2.40376381e+04 3.37025028e+04 2.67549959e+04 3.58632340e+04 4.01258721e+04 3.24574139e+04 2.71089292e+04 3.48146477e+04 3.36887920e+04 3.06667580e+04 3.33917713e+04 
2.52239238e+04 2.51525902e+04 1.79896656e+04 1.84751054e+04 1.86646978e+04 3.08954159e+04 2.19833311e+04 2.29585647e+04 1.71336311e+04 2.13105570e+04 1.78618141e+04 2.05297376e+04 2.00742054e+04 1.40731515e+04 1.80960284e+04 1.94833763e+04 2.97066887e+04 1.66274295e+04 2.08392252e+04 1.98311839e+04 2.61095193e+04 2.19390059e+04 2.41258098e+04 2.70193697e+04 2.08718319e+04 1.84479233e+04 2.64447672e+04 2.25982682e+04 1.82100588e+04 2.35446514e+04 
9.49960620e+03 9.91220631e+03 6.29411359e+03 6.93224772e+03 7.62534261e+03 8.03633712e+03 1.25356504e+04 1.14678354e+04 1.05545978e+04 9.21358767e+03 1.03310208e+04 1.04348047e+04 7.37429536e+03 8.86606450e+03 8.86819576e+03 1.18240368e+04 1.25317506e+04 4.24636641e+03 1.01424530e+04 1.06270590e+04 7.68814221e+03 7.64268548e+03 1.24931895e+04 1.17032150e+04 9.19880942e+03 1.33829254e+04 9.27731424e+03 8.90783634e+03 1.00766605e+04 1.08220723e+04 
1.31976213e+03 9.91220631e+03 9.34787390e+02 6.80447903e+02 9.65054038e+02 9.94016767e+02 1.27383166e+03 2.10973336e+03 7.10753608e+02 5.32970010e+02 5.61114570e+02 1.21994838e+03 6.93252206e+02 7.36162373e+02 9.49405925e+02 1.07859338e+03 9.74367516e+02 6.17580196e+02 2.01568218e+03 1.35691349e+03 9.74175962e+02 9.07522643e+02 1.93003255e+03 1.68970947e+03 5.51369859e+02 1.21746757e+03 1.46869139e+03 6.77950748e+02 1.00766605e+04 9.58047533e+02 
5.80876393e-05 8.39885751e+03 2.58939248e-05 2.67401447e-06 3.62978107e-05 4.86005302e-06 1.28849786e-04 7.77244869e-05 2.48166714e-06 2.39581624e-06 2.66744757e-06 1.81369887e-06 1.36968293e-06 6.26152439e-06 1.11551486e-05 2.87866355e-05 3.18327901e-05 3.53087353e-06 1.81275548e-05 5.06834978e-05 1.65198347e-05 6.12463197e-06 2.64094310e-05 1.40400459e-04 1.00917539e-05 5.84680329e-05 1.89209961e-05 1.20030761e-05 9.34370951e+03 6.74912999e-05 
9.48824663e-09 1.63224172e-08 8.81448159e-09 9.71135705e-09 9.55901669e-09 8.96989150e-09 8.87865781e-09 7.94500465e-09 9.99716576e-09 9.38723588e-09 9.29583166e-09 9.89768978e-09 9.44515932e-09 9.28133659e-09 9.85028237e-09 9.73869874e-09 9.97624738e-09 8.68908501e-09 9.87091653e-09 9.64502078e-09 8.24309154e-09 8.72239525e-09 9.75302328e-09 9.31953537e-09 8.74996431e-09 9.94998572e-09 9.93446747e-09 9.90576154e-09 1.46750381e-08 9.96357130e-09 
633854 1000000 633625 610723 629107 615209 645679 634583 603669 599369 602038 603706 594195 610783 609487 627668 633719 607993 638332 612014 633234 607462 616892 636135 604013 620582 617116 610534 1000000 630088 
