8.23244635e+0 5.95683903e+0 5.11454183e+0 5.82163826e+0 4.27068314e+0 5.25669898e+0 5.05452460e+0 5.82292018e+0 6.10369954e+0 5.44436268e+0 8.49321409e+0 8.64811634e+0 3.05464412e+0 3.98935315e+0 6.10864498e+0 7.43158132e+0 3.55920464e+0 7.57953495e+0 4.65265335e+0 4.75331140e+0 7.48271642e+0 7.29800208e+0 5.68569598e+0 7.28904595e+0 9.43763806e+0 3.21227938e+0 5.43437744e+0 5.24562842e+0 8.71067494e+0 7.09508636e+0 
4.74686566e+0 4.67028174e+0 2.30366270e+0 3.94314282e+0 3.81204384e+0 2.46300755e+0 3.30249196e+0 3.33089674e+0 4.83224228e+0 4.52622607e+0 3.60132552e+0 1.77743340e+0 2.44426885e+0 3.98935315e+0 2.97959068e+0 5.94232334e+0 3.47310238e+0 5.26362505e+0 3.00655762e+0 2.85829922e+0 4.71517556e+0 5.05252401e+0 4.03894381e+0 5.41842822e+0 6.68085235e+0 2.73905683e+0 4.01547552e+0 5.24562842e+0 4.80323190e+0 3.97574734e+0 
3.46574474e+0 4.07456242e+0 2.30366270e+0 3.94314282e+0 3.81204384e+0 2.46300755e+0 3.30249196e+0 3.33089674e+0 4.67513727e+0 4.35647420e+0 3.60132552e+0 1.77743340e+0 2.44426885e+0 3.98935315e+0 2.97959068e+0 3.06496126e+0 3.47310238e+0 4.44692330e+0 3.00655762e+0 2.85829922e+0 4.71517556e+0 5.05252401e+0 3.52573574e+0 5.34140872e+0 6.62741414e+0 2.73905683e+0 4.01547552e+0 5.09526446e+0 4.33893560e+0 3.30779028e+0 
3.46574474e+0 4.07456242e+0 2.30366270e+0 3.94314282e+0 3.81204384e+0 2.46300755e+0 3.30249196e+0 3.33089674e+0 4.67513727e+0 4.35647420e+0 3.60132552e+0 1.77743340e+0 2.44426885e+0 3.98935315e+0 2.97959068e+0 3.06496126e+0 3.47310238e+0 4.44692330e+0 3.00655762e+0 2.85829922e+0 4.71517556e+0 5.05252401e+0 3.52573574e+0 4.74943616e+0 5.58186064e+0 2.73905683e+0 4.01547552e+0 5.09526446e+0 4.33893560e+0 3.30779028e+0 
1.71603694e+0 3.56081427e+0 2.10061916e+0 2.70084816e+0 1.96776728e+0 1.91998253e+0 2.68861545e+0 2.27181938e+0 3.73427133e+0 2.18270351e+0 3.60132552e+0 1.77743340e+0 2.20702010e+0 3.98935315e+0 2.14076646e+0 2.30214578e+0 1.54771537e+0 3.90623166e+0 2.14106014e+0 2.54093171e+0 3.78613855e+0 3.43888357e+0 2.75779708e+0 3.54491807e+0 4.15860049e+0 1.93920835e+0 2.74353535e+0 3.49497219e+0 2.61035314e+0 3.30316887e+0 
1.71603694e+0 3.47650020e+0 2.10061916e+0 2.70084816e+0 1.34576161e+0 1.91998253e+0 1.63173274e+0 1.34480494e+0 2.32977999e+0 1.95374216e+0 2.35108026e+0 1.65424260e+0 2.20702010e+0 3.22410332e+0 2.14076646e+0 2.30214578e+0 1.54771537e+0 3.06072815e+0 2.14106014e+0 2.22002347e+0 3.51494940e+0 3.43888357e+0 2.75779708e+0 2.53370664e+0 2.28185644e+0 1.16024435e+0 2.74353535e+0 2.42956474e+0 2.42910776e+0 1.97542996e+0 
1.28141779e+0 1.81626040e+0 1.63031948e+0 1.97588148e+0 1.34576161e+0 1.82593420e+0 1.55777336e+0 7.56486783e+0 9.46291338e+0 1.95374216e+0 1.62797918e+0 1.32625474e+0 2.14215211e+0 1.88575999e+0 1.54183521e+0 2.08182886e+0 1.41421030e+0 1.39507342e+0 1.78874021e+0 1.98138889e+0 2.14230690e+0 1.84383952e+0 1.68448043e+0 1.61137939e+0 1.69290552e+0 1.16024435e+0 1.05358185e+0 1.08090016e+0 1.61374634e+0 1.68448189e+0 
7.84246576e+0 3.43182307e+0 8.89138554e+0 9.18176215e+0 7.79204208e+0 6.79751039e+0 6.94816091e+0 5.67027049e+0 9.24549750e+0 1.07073941e+0 1.14777724e+0 6.78933318e+0 9.80860696e+0 1.04659290e+0 7.25891097e+0 1.26700600e+0 8.54596101e+0 6.08520643e+0 1.20674006e+0 9.46148594e+0 9.61319294e+0 8.73012747e+0 1.05041030e+0 8.25825073e+0 7.91222101e+0 6.05144487e+0 6.89548509e+0 8.17930906e+0 1.15898740e+0 8.06630680e+0 
3.78467297e+0 2.91232236e+0 3.04172782e+0 5.23555699e+0 4.16690525e+0 5.18770896e+0 2.44306979e+0 2.83753019e+0 2.54786227e+0 4.72409314e+0 3.36532575e+0 2.17503653e+0 3.67719438e+0 4.04152566e+0 3.76272782e+0 4.45055608e+0 3.31616508e+0 2.90811269e+0 4.98517512e+0 3.12651805e+0 3.24125569e+0 3.56863301e+0 4.18285878e+0 3.65368669e+0 5.00417650e+0 4.47036905e+0 2.80836329e+0 3.40723915e+0 4.68055753e+0 3.65450218e+0 
1.48213352e+0 1.64783020e+0 1.60858547e+0 1.49517606e+0 1.73255488e+0 1.96345098e+0 1.38223669e+0 1.49347643e+0 1.30389400e+0 1.65578852e+0 1.37847353e+0 1.37845000e+0 1.77740181e+0 1.63448893e+0 1.45886015e+0 1.70611821e+0 1.28318008e+0 1.13502753e+0 1.65673115e+0 1.37794337e+0 1.65475514e+0 1.29957398e+0 1.88158073e+0 1.79974744e+0 1.89527334e+0 1.63949443e+0 1.75133560e+0 1.27402700e+0 2.10103879e+0 1.78761203e+0 
1.09572328e+0 8.25196306e+0 9.77999801e+0 7.95763411e+0 8.44184857e+0 9.75438605e+0 8.15105115e+0 6.84792242e+0 8.30555254e+0 1.06723387e+0 8.26414087e+0 8.52260963e+0 1.00357055e+0 9.88893274e+0 9.01302394e+0 8.92489278e+0 7.88889392e+0 7.59071521e+0 8.06722887e+0 8.71407357e+0 7.13502621e+0 7.94487888e+0 9.34041579e+0 8.29222346e+0 8.75314508e+0 7.62381139e+0 8.44565636e+0 7.73900333e+0 9.01619167e+0 1.10178311e+0 
7.17372347e+0 5.29656438e+0 5.64701449e+0 5.80051690e+0 5.25321911e+0 5.56427526e+0 5.25457417e+0 5.05086999e+0 5.76342723e+0 8.00413743e+0 5.58742245e+0 5.11532683e+0 6.35261280e+0 6.18862578e+0 6.13406258e+0 5.99942982e+0 5.45677554e+0 5.77421494e+0 5.48122785e+0 5.69701628e+0 5.14620359e+0 5.25126865e+0 5.57090461e+0 5.23614969e+0 5.26470523e+0 5.34851868e+0 6.29665616e+0 5.79244921e+0 5.84343196e+0 6.35939126e+0 
5.23407303e+0 4.88075590e+0 4.94231490e+0 4.94319352e+0 4.92562791e+0 4.92331795e+0 4.92771599e+0 4.91102906e+0 4.94454531e+0 5.86152093e+0 4.94689151e+0 4.91783446e+0 4.97701652e+0 4.97737457e+0 4.95603574e+0 4.99225070e+0 4.93294570e+0 4.93174041e+0 4.92428607e+0 4.95568313e+0 4.92571217e+0 4.91562658e+0 4.94829115e+0 4.91535278e+0 4.91206936e+0 4.92371840e+0 5.15368771e+0 4.91536125e+0 4.96577330e+0 5.03069048e+0 
4.91277310e+0 3.18384736e+0 4.90970945e+0 4.90891903e+0 4.90893715e+0 4.90885494e+0 4.90900358e+0 4.90854566e+0 4.90894898e+0 4.91323708e+0 4.90945797e+0 4.90871921e+0 4.90933793e+0 4.90920557e+0 4.90958582e+0 4.90985882e+0 4.90922403e+0 4.90885244e+0 4.90888784e+0 4.90966621e+0 4.90909992e+0 4.90881897e+0 4.90913550e+0 4.90869682e+0 4.90856406e+0 4.90916999e+0 4.91216669e+0 4.90853063e+0 4.90967732e+0 4.91116632e+0 
4.90846959e+0 3.51220062e+0 4.90845061e+0 3.84392805e+0 4.90844896e+0 4.90844850e+0 4.90844932e+0 4.90844820e+0 4.90844925e+0 4.90847945e+0 4.90845127e+0 4.90844832e+0 4.90845068e+0 4.90844899e+0 4.90844989e+0 4.90845259e+0 4.90844964e+0 4.90845033e+0 4.90845008e+0 4.90844995e+0 4.90844913e+0 4.90844969e+0 4.90844996e+0 4.90844929e+0 4.90844824e+0 4.90845031e+0 4.90845443e+0 4.90844809e+0 4.90845273e+0 4.90845775e+0 
4.90844790e+0 1.60816733e+0 4.90844790e+0 4.29439292e+0 4.90844790e+0 4.90844790e+0 4.90844790e+0 4.90844790e+0 3.95461807e+0 4.90844791e+0 4.90844791e+0 4.90844790e+0 4.90844791e+0 4.90844790e+0 4.90844790e+0 4.90844791e+0 4.90844790e+0 4.90844790e+0 4.90844791e+0 4.90844790e+0 4.90844790e+0 4.90844790e+0 4.90844790e+0 4.90844790e+0 4.90844790e+0 4.90844790e+0 4.90844790e+0 4.90844790e+0 4.90844791e+0 4.90844790e+0 
1000000 1000000 1000000 1000000 1000000 1000000 1000000 1000000 1000000 1000000 1000000 1000000 1000000 1000000 1000000 1000000 1000000 1000000 1000000 1000000 1000000 1000000 1000000 1000000 1000000 1000000 1000000 1000000 1000000 1000000 
