6.90671562e+0 6.63016784e+0 7.82144763e+0 8.56781490e+0 9.23671613e+0 7.36357069e+0 8.33127536e+0 8.40731598e+0 7.68915597e+0 8.55670759e+0 5.75329456e+0 5.60090142e+0 8.70883795e+0 7.51498887e+0 8.06954466e+0 1.00290572e+0 8.80958106e+0 9.34025058e+0 8.98501441e+0 5.75675068e+0 8.30453218e+0 8.46722801e+0 8.61484928e+0 8.09862081e+0 7.02760018e+0 8.19560116e+0 8.61850259e+0 8.01692306e+0 7.75265182e+0 8.65968985e+0 
6.90671562e+0 6.63016784e+0 7.82144763e+0 7.81091445e+0 7.90871882e+0 6.52902512e+0 7.35646060e+0 6.80926036e+0 6.34850251e+0 6.51658698e+0 5.60524900e+0 4.66248573e+0 5.59964276e+0 6.41109861e+0 7.05480716e+0 7.45926738e+0 7.57782453e+0 7.65518175e+0 4.83955525e+0 5.67238883e+0 8.30453218e+0 6.70695735e+0 5.23976426e+0 6.39725547e+0 4.09717428e+0 7.76239505e+0 5.72955816e+0 6.50213745e+0 7.75265182e+0 6.30632203e+0 
6.90671562e+0 6.63016784e+0 7.82144763e+0 7.81091445e+0 7.90871882e+0 6.52902512e+0 7.35646060e+0 6.80926036e+0 6.34850251e+0 6.51658698e+0 5.60524900e+0 4.66248573e+0 5.59964276e+0 6.41109861e+0 6.39415300e+0 7.45926738e+0 7.47062375e+0 7.65518175e+0 4.83955525e+0 5.67238883e+0 6.17128821e+0 6.70695735e+0 5.23976426e+0 6.39725547e+0 4.09717428e+0 7.76239505e+0 5.72955816e+0 6.50213745e+0 7.75265182e+0 6.30632203e+0 
6.90671562e+0 6.63016784e+0 7.82144763e+0 7.18885990e+0 7.90871882e+0 6.52902512e+0 7.35646060e+0 6.80926036e+0 6.34850251e+0 6.51658698e+0 5.60524900e+0 4.66248573e+0 5.59964276e+0 6.41109861e+0 6.39415300e+0 7.45926738e+0 7.47062375e+0 7.65518175e+0 4.83955525e+0 5.67238883e+0 6.17128821e+0 6.70695735e+0 5.23976426e+0 6.39725547e+0 4.09717428e+0 7.76239505e+0 5.72955816e+0 6.50213745e+0 7.75265182e+0 6.30632203e+0 
5.89414549e+0 6.39412883e+0 7.82144763e+0 6.78341683e+0 7.53651593e+0 6.15055954e+0 6.59063122e+0 5.61122896e+0 6.34850251e+0 4.89151712e+0 5.04173298e+0 4.66248573e+0 1.98500915e+0 4.25798477e+0 5.17306029e+0 7.23518850e+0 6.65172842e+0 7.56265292e+0 4.71392054e+0 4.74713981e+0 6.17128821e+0 6.54865485e+0 5.23976426e+0 6.39725547e+0 4.09717428e+0 6.29520535e+0 5.72955816e+0 4.91274714e+0 6.57379068e+0 6.30632203e+0 
5.54266233e+0 4.89151294e+0 6.69055693e+0 5.76564776e+0 5.85769545e+0 6.15055954e+0 5.44404056e+0 5.38093082e+0 4.96186500e+0 4.89151712e+0 5.04173298e+0 4.66248573e+0 1.98500915e+0 4.25798477e+0 5.05587254e+0 5.58235475e+0 6.29301298e+0 4.26373231e+0 4.71392054e+0 4.74713981e+0 6.06746438e+0 6.54865485e+0 5.23976426e+0 5.75464338e+0 4.09717428e+0 6.29520535e+0 5.72955816e+0 4.62822194e+0 4.92135052e+0 4.95570954e+0 
5.54266233e+0 3.69857669e+0 4.99517649e+0 5.50740404e+0 5.51264246e+0 4.52206144e+0 5.02030812e+0 5.05608806e+0 4.96186500e+0 4.89151712e+0 5.04173298e+0 4.15390221e+0 1.45733779e+0 4.25798477e+0 4.88815217e+0 5.58235475e+0 5.18863999e+0 4.26373231e+0 4.33409982e+0 4.23692185e+0 4.16293001e+0 6.47974734e+0 4.68816800e+0 4.62490401e+0 2.86163118e+0 5.63970424e+0 4.86363872e+0 4.62822194e+0 4.92135052e+0 4.95570954e+0 
4.50883710e+0 3.69857669e+0 3.63415278e+0 2.74561036e+0 3.06519295e+0 3.20176626e+0 5.02030812e+0 3.88049505e+0 3.82212998e+0 3.41820990e+0 4.08685143e+0 3.37169795e+0 1.45733779e+0 3.00662131e+0 4.15246738e+0 4.05722306e+0 4.46280904e+0 3.98184214e+0 3.40107512e+0 2.40630879e+0 4.16293001e+0 3.44938688e+0 3.42941152e+0 3.39718583e+0 2.08356077e+0 3.48926724e+0 2.59562388e+0 3.13039644e+0 3.83029698e+0 3.15771187e+0 
3.14810230e+0 1.86747975e+0 1.39910395e+0 2.16036415e+0 1.94792145e+0 1.66121379e+0 3.16127789e+0 2.46694120e+0 1.70878035e+0 2.47618341e+0 2.48245735e+0 2.81085601e+0 1.45733779e+0 1.88963377e+0 2.30563288e+0 2.39814336e+0 2.93190539e+0 2.57774565e+0 2.38926185e+0 1.27985250e+0 3.00369786e+0 2.30828738e+0 2.08279534e+0 1.96616993e+0 2.08356077e+0 2.33660774e+0 2.07530384e+0 2.35090084e+0 2.51523943e+0 3.15771187e+0 
1.73114896e+0 1.19145981e+0 1.07851144e+0 1.33185161e+0 1.23537750e+0 8.73509979e+0 1.92142827e+0 1.64389761e+0 1.33959925e+0 7.16993309e+0 1.57944065e+0 1.50296508e+0 1.07555538e+0 9.48923160e+0 1.65809995e+0 1.74048810e+0 1.65172778e+0 1.77331478e+0 1.42106799e+0 8.71928686e+0 1.69466795e+0 1.49511846e+0 1.46161122e+0 1.21917324e+0 1.53267117e+0 1.45144241e+0 1.22825014e+0 1.22073538e+0 1.61900761e+0 1.74266136e+0 
7.28144718e+0 5.37916329e+0 4.34975637e+0 4.01241140e+0 3.60655799e+0 6.28145807e+0 5.51929142e+0 5.21803236e+0 5.57595213e+0 5.90165867e+0 5.63200684e+0 6.02514058e+0 6.08247383e+0 6.04025973e+0 7.11564933e+0 4.99589826e+0 5.40402956e+0 5.02936623e+0 6.74980539e+0 4.62874660e+0 6.23308109e+0 6.11976123e+0 5.23405885e+0 7.44775054e+0 6.51978388e+0 5.32037188e+0 6.34281764e+0 5.59854605e+0 5.18653653e+0 6.68232540e+0 
1.54444784e+0 4.23608519e-0 1.19569155e+0 8.94686455e-0 9.64813909e-0 1.08848996e+0 1.72543166e+0 1.46241503e+0 1.17347395e+0 1.36118936e+0 6.49050177e-0 1.16289808e+0 1.31706004e+0 1.65700001e+0 1.24556153e+0 6.42450893e-0 1.79711894e+0 1.47984079e+0 1.64433201e+0 1.00721290e+0 9.71752824e-0 4.30095027e-0 1.30220254e+0 1.36003753e+0 1.21620020e+0 9.19580455e-0 1.54476360e+0 1.52218856e+0 8.33131023e-0 1.59410026e+0 
1.08427417e-0 2.59538457e-0 1.36436131e-0 4.01603878e-0 5.31717680e-0 7.98731534e-0 7.40925324e-0 1.06255135e-0 5.78954501e-0 1.02601370e-0 2.93133971e-0 1.05789364e-0 8.30237607e-0 7.41197564e-0 4.27022310e-0 1.04408169e-0 1.64115737e-0 4.71831014e-0 1.18494663e-0 4.21421294e-0 7.11492252e-0 3.27529908e-0 8.87591818e-0 1.12484130e-0 7.61224461e-0 6.37253014e-0 1.20473507e-0 5.31250108e-0 8.09133120e-0 5.82746868e-0 
3.51471281e-0 3.75405567e-0 6.74684795e-0 3.61845158e-0 1.70400174e-0 1.89734395e-0 4.66952145e-0 4.37054736e-0 4.19530100e-0 6.30442874e-0 1.09214188e-0 6.48368570e-0 5.84713449e-0 2.50010575e-0 2.20450756e-0 3.09780785e-0 9.12938037e-0 2.97998952e-0 9.78707684e-0 4.09182523e-0 6.96989227e-0 1.67052115e-0 2.65457397e-0 4.70974015e-0 7.52329096e-0 2.56467904e-0 6.48754302e-0 2.46303454e-0 2.89068891e-0 2.65628345e-0 
7.40948281e-0 8.73217232e-0 1.40582529e-0 4.13440375e-0 1.62451670e-0 1.18011485e-0 4.02998239e-0 9.51615675e-0 6.80236099e-0 7.53869926e-0 9.03571618e-0 5.87090199e-0 9.59744284e-0 9.07027697e-0 3.52171128e-0 6.28091357e-0 4.25177404e-0 7.66556241e-0 2.01313242e-0 3.01461114e-0 2.06695177e-0 7.75867193e-0 9.41054168e-0 3.71761644e-0 2.82208703e-0 8.24284143e-0 7.39405550e-0 1.13927854e-0 2.40617055e-0 1.25233214e-0 
9.97545158e-0 8.73217232e-0 9.35347089e-0 9.92451987e-0 8.32017122e-0 9.92440619e-0 8.97750851e-0 9.51615675e-0 8.68510597e-0 9.69077973e-0 9.03571618e-0 7.56654117e-0 9.59744284e-0 9.07027697e-0 8.39474978e-0 9.47875378e-0 9.52059054e-0 7.66556241e-0 9.73705028e-0 9.72727321e-0 9.27457222e-0 7.75867193e-0 9.41054168e-0 5.83088422e-0 9.17930265e-0 8.46705461e-0 8.94283403e-0 8.45182058e-0 7.63066055e-0 8.44499937e-0 
134792 116674 133633 130318 127284 126524 132989 126054 134646 133902 124812 129912 123123 125954 130195 130268 130927 121973 127564 130813 130603 123995 122993 128983 142804 131294 133232 126803 128443 132165 
