1.77832676e+0 1.30072345e+0 1.98778367e+0 1.86488030e+0 1.44415166e+0 1.78566303e+0 2.55465904e+0 2.64119328e+0 2.24136816e+0 1.77948020e+0 1.21109406e+0 2.02697746e+0 2.22829038e+0 1.57433823e+0 1.44922022e+0 2.56515815e+0 1.54801961e+0 1.90873853e+0 1.75039297e+0 1.71706171e+0 1.88914397e+0 1.23644905e+0 1.65055432e+0 2.26588858e+0 1.98371306e+0 1.79786987e+0 1.69160256e+0 1.41862013e+0 2.10758624e+0 1.68528798e+0 
1.12278723e+0 1.10268432e+0 1.77894749e+0 1.27047113e+0 1.44415166e+0 1.42507178e+0 2.15699824e+0 2.06198468e+0 1.97352635e+0 1.49078782e+0 1.17993401e+0 1.68695288e+0 2.22829038e+0 1.53944588e+0 1.32642202e+0 2.39357674e+0 9.70701780e+0 1.60367039e+0 1.24401969e+0 1.42831343e+0 1.88914397e+0 1.23644905e+0 1.26760959e+0 1.81915158e+0 1.83236537e+0 1.40498022e+0 1.53973777e+0 1.41862013e+0 2.00123496e+0 1.59859104e+0 
1.12278723e+0 1.10268432e+0 1.77894749e+0 1.27047113e+0 1.44415166e+0 1.42507178e+0 2.15699824e+0 1.63247512e+0 1.97352635e+0 1.49078782e+0 1.17993401e+0 1.68695288e+0 2.22829038e+0 1.53944588e+0 1.32642202e+0 2.12173464e+0 9.70701780e+0 1.60367039e+0 1.24401969e+0 1.35171944e+0 1.88914397e+0 1.23644905e+0 1.26760959e+0 1.81915158e+0 1.83236537e+0 1.40498022e+0 1.53973777e+0 1.41862013e+0 1.37435896e+0 1.30951485e+0 
1.12278723e+0 1.10268432e+0 1.51204714e+0 1.27047113e+0 1.44415166e+0 1.42507178e+0 1.59716815e+0 1.63247512e+0 1.62546914e+0 1.49078782e+0 1.17993401e+0 1.68695288e+0 2.22829038e+0 1.53944588e+0 1.32642202e+0 1.75742087e+0 9.70701780e+0 1.60367039e+0 1.24401969e+0 1.21442609e+0 1.88914397e+0 1.23644905e+0 1.26760959e+0 1.81915158e+0 1.83236537e+0 1.40498022e+0 1.31587568e+0 1.41862013e+0 1.37435896e+0 1.30951485e+0 
1.12278723e+0 1.10268432e+0 1.51204714e+0 9.67856647e+0 1.17101489e+0 1.33263530e+0 1.59716815e+0 1.63247512e+0 1.38377541e+0 1.45015859e+0 1.17993401e+0 1.57690115e+0 1.29201297e+0 1.26829245e+0 1.03259288e+0 1.75742087e+0 9.70701780e+0 1.14708049e+0 1.01277644e+0 9.16296934e+0 1.48665390e+0 1.23644905e+0 1.26760959e+0 1.55511352e+0 1.38491248e+0 9.45254331e+0 1.24157316e+0 1.41043721e+0 1.37435896e+0 1.30951485e+0 
1.12278723e+0 1.00248055e+0 1.14632633e+0 9.67856647e+0 1.17101489e+0 1.33263530e+0 1.18486809e+0 1.49869744e+0 1.31119501e+0 1.25489562e+0 1.17993401e+0 1.36530053e+0 9.66308986e+0 8.91112464e+0 1.03259288e+0 1.36341409e+0 9.70701780e+0 1.14708049e+0 9.55037900e+0 9.16296934e+0 1.31509314e+0 8.32850038e+0 1.24105161e+0 1.28605912e+0 1.38491248e+0 9.45254331e+0 1.24069669e+0 1.41043721e+0 1.37435896e+0 7.86823782e+0 
1.12278723e+0 9.36342485e+0 9.03368707e+0 9.67856647e+0 8.31947899e+0 1.03322979e+0 8.16621658e+0 1.29440136e+0 9.29207491e+0 1.06247164e+0 8.98965959e+0 1.36530053e+0 9.59205445e+0 8.91112464e+0 1.03259288e+0 9.07223579e+0 7.71695427e+0 6.33768401e+0 9.55037900e+0 9.16296934e+0 8.20475832e+0 7.76317353e+0 1.24105161e+0 9.86515979e+0 1.38491248e+0 9.45254331e+0 7.93125209e+0 1.25830895e+0 8.88134795e+0 7.86823782e+0 
8.34992477e+0 6.89452381e+0 7.37038075e+0 9.67856647e+0 8.31947899e+0 8.91139158e+0 7.36386499e+0 7.46558078e+0 7.73362345e+0 8.00197629e+0 6.23142942e+0 8.88502624e+0 6.02614688e+0 6.97417573e+0 7.26000464e+0 8.65575630e+0 7.71695427e+0 6.33768401e+0 6.77826917e+0 7.31418054e+0 6.96096294e+0 5.44459517e+0 9.49268609e+0 8.06460317e+0 8.39912918e+0 7.78904685e+0 7.93125209e+0 1.08192977e+0 6.01953470e+0 6.06609610e+0 
4.39065208e+0 5.57451670e+0 5.94626285e+0 5.19329852e+0 4.81653080e+0 7.50021536e+0 5.12952229e+0 5.54391506e+0 5.42227356e+0 7.97106133e+0 3.66320621e+0 5.94127791e+0 5.29316654e+0 4.87587711e+0 4.52991264e+0 6.26695576e+0 5.51382024e+0 6.12837682e+0 4.31577699e+0 5.03230918e+0 4.39154408e+0 5.44459517e+0 7.13751019e+0 6.28155608e+0 7.17475138e+0 6.30111948e+0 5.07081685e+0 5.08096085e+0 5.97065971e+0 4.15489378e+0 
3.70378591e+0 3.92797500e+0 4.51357815e+0 4.06841348e+0 4.19907101e+0 3.69871528e+0 3.89322880e+0 4.66743188e+0 4.31300868e+0 4.51668694e+0 3.22381476e+0 4.92822974e+0 3.48267124e+0 4.14530367e+0 3.24533129e+0 5.17136613e+0 3.69110630e+0 4.03959327e+0 3.96283181e+0 3.68328905e+0 3.24278491e+0 3.26488717e+0 3.92509259e+0 3.88265950e+0 4.29526838e+0 3.91954748e+0 4.15927261e+0 4.26599319e+0 5.07242446e+0 3.96631241e+0 
3.04017035e+0 2.65098949e+0 2.43465771e+0 2.41910415e+0 3.08257453e+0 3.29442618e+0 3.14203937e+0 2.90476647e+0 2.87041502e+0 3.03553180e+0 2.51507159e+0 2.83021673e+0 2.67694293e+0 2.31807439e+0 2.65305270e+0 1.81072617e+0 2.73471590e+0 2.45921947e+0 3.05208461e+0 2.37407691e+0 1.60403478e+0 2.74979136e+0 2.52967888e+0 3.28992754e+0 3.02345965e+0 3.19355291e+0 2.84090163e+0 2.97363112e+0 3.31421087e+0 2.75811250e+0 
1.34941678e+0 9.26448466e+0 1.08963104e+0 1.54398681e+0 1.34323102e+0 2.37313455e+0 9.01020411e+0 1.31060298e+0 1.87484188e+0 1.13232856e+0 2.26419939e+0 1.53687895e+0 2.29045685e+0 1.80404922e+0 1.76451954e+0 7.49794701e+0 1.37866829e+0 1.32072565e+0 2.18402297e+0 1.32648743e+0 1.18321664e+0 2.05844804e+0 1.84315017e+0 1.65458119e+0 2.43202750e+0 2.14992986e+0 3.98323477e+0 1.24405261e+0 1.04706176e+0 1.81373290e+0 
2.86828236e+0 2.27810679e+0 3.04262591e+0 2.71784374e+0 2.53919477e+0 6.51414149e+0 2.96838268e+0 4.61937139e+0 7.75726876e+0 2.47914092e+0 6.14003863e+0 2.83973563e+0 4.89740484e+0 1.81698090e+0 2.47276921e+0 1.27522784e+0 5.58167808e+0 4.21347092e+0 3.28864139e+0 2.56674689e+0 1.32878740e+0 1.50719364e+0 1.89225942e+0 5.59209702e+0 5.49633438e+0 4.76269941e+0 7.31110475e-0 4.39842181e+0 1.22249787e+0 2.71474974e+0 
1.00584127e+0 2.36376615e-0 4.16911877e-0 1.00941048e+0 1.00068089e+0 1.93471149e-0 5.20037342e-0 1.54658024e-0 9.46890966e-0 1.94192439e-0 1.10914370e-0 2.78578115e-0 1.20878822e-0 3.73243690e-0 2.88542576e-0 9.71668773e-0 1.97256431e-0 7.06971546e-0 2.60022126e-0 2.50297158e-0 1.16372644e-0 2.06837827e-0 6.62247143e-0 4.77427991e-0 1.08697802e-0 1.44298030e-0 2.39759092e-0 2.24117967e-0 1.06559427e-0 1.01414541e+0 
1.71146094e-0 6.30844534e-0 7.74444015e-0 9.94962422e-0 9.94960398e-0 7.68128143e-0 4.10942221e-0 6.49813728e-0 5.19567770e-0 2.41060320e-0 1.48251338e-0 1.57658815e-0 4.84741231e-0 1.41826604e-0 4.07725202e-0 1.05134495e-0 2.20200459e-0 4.82634869e-0 3.41472287e-0 1.94334712e-0 1.44099208e-0 2.38240341e-0 5.51102175e-0 6.42088708e-0 6.67498671e-0 8.73271802e-0 5.94489848e-0 3.54222084e-0 3.44094360e-0 9.94959897e-0 
9.28798727e-0 9.46988621e-0 9.56561053e-0 9.94959057e-0 9.94959057e-0 9.94873517e-0 9.44214662e-0 1.01856585e-0 2.65363269e-0 9.71999725e-0 9.71067493e-0 8.22410584e-0 7.53993845e-0 9.66269909e-0 9.81913217e-0 8.83687790e-0 9.09949449e-0 9.12928044e-0 9.74659997e-0 7.88554644e-0 2.96922735e-0 9.85505721e-0 8.83983375e-0 9.39280653e-0 6.29211172e-0 9.96715244e-0 7.46217665e-0 8.62655725e-0 7.88440957e-0 9.94959057e-0 
177252 153918 155947 200000 200000 164814 137045 200000 200000 145647 156993 144327 176072 138454 147967 156268 167305 157568 157135 160098 200000 152804 150235 176863 168136 134430 144999 149195 141775 200000 
