1.22661446e+0 1.05307253e+0 1.42311036e+0 1.71065386e+0 1.42374259e+0 1.20697231e+0 1.35655449e+0 1.75279406e+0 1.23353285e+0 1.64963695e+0 1.02187389e+0 1.36241895e+0 1.52530781e+0 1.03086299e+0 1.59011219e+0 1.24828951e+0 1.30553296e+0 1.32260115e+0 1.76423128e+0 1.18417066e+0 1.59047372e+0 1.34695137e+0 9.52318354e+0 1.34296531e+0 1.54614772e+0 1.50782877e+0 1.17994175e+0 1.39193669e+0 1.47569153e+0 1.19209089e+0 
1.18847528e+0 1.05307253e+0 1.19513401e+0 1.06192115e+0 1.30809616e+0 1.03066762e+0 9.42224850e+0 1.47253572e+0 1.07864457e+0 1.43430238e+0 9.73111933e+0 1.13265158e+0 1.31841118e+0 1.03086299e+0 1.52671636e+0 1.15794966e+0 1.22404639e+0 1.32260115e+0 1.43373157e+0 1.18417066e+0 1.41637156e+0 1.28345524e+0 8.62170480e+0 1.12431549e+0 9.99350962e+0 1.50782877e+0 1.15734164e+0 1.08267526e+0 1.00657958e+0 1.15966394e+0 
8.68994677e+0 1.05307253e+0 1.05993323e+0 1.06192115e+0 1.30809616e+0 1.03066762e+0 9.42224850e+0 1.22313705e+0 1.07864457e+0 1.12839514e+0 9.73111933e+0 1.13265158e+0 1.31841118e+0 1.03086299e+0 1.37415137e+0 1.15794966e+0 7.39459636e+0 1.32260115e+0 9.35164383e+0 1.18417066e+0 1.26679312e+0 1.28345524e+0 8.62170480e+0 1.12431549e+0 9.99350962e+0 1.48203726e+0 1.15734164e+0 1.08267526e+0 1.00657958e+0 1.15966394e+0 
8.68994677e+0 1.05307253e+0 1.05993323e+0 1.06192115e+0 1.21709733e+0 1.03066762e+0 9.42224850e+0 1.22313705e+0 1.07864457e+0 1.12839514e+0 9.73111933e+0 1.13265158e+0 1.31841118e+0 1.03086299e+0 1.37415137e+0 1.15794966e+0 7.39459636e+0 1.32260115e+0 9.35164383e+0 1.06684634e+0 1.26679312e+0 1.28345524e+0 8.62170480e+0 1.12431549e+0 9.99350962e+0 1.48203726e+0 1.15734164e+0 1.08267526e+0 1.00657958e+0 1.15966394e+0 
8.52560133e+0 1.05307253e+0 9.77711980e+0 8.58792570e+0 1.17600696e+0 9.83125156e+0 8.48294006e+0 9.65985785e+0 6.66547419e+0 8.67755415e+0 9.37714736e+0 1.00011121e+0 1.04075849e+0 7.73382053e+0 1.24313440e+0 9.27427232e+0 7.39459636e+0 8.06478768e+0 9.35164383e+0 9.26012952e+0 1.08381803e+0 1.00147017e+0 8.62170480e+0 9.77682627e+0 9.15271773e+0 1.04937728e+0 8.14639104e+0 1.04160381e+0 9.85959207e+0 9.07645761e+0 
6.27651671e+0 8.14124970e+0 7.46450872e+0 8.58031530e+0 9.08154191e+0 8.47241370e+0 7.98844762e+0 7.91463583e+0 6.66547419e+0 8.07437526e+0 9.37714736e+0 8.79220175e+0 9.83956121e+0 7.73382053e+0 9.33702253e+0 8.03945557e+0 7.39459636e+0 6.68645741e+0 7.92411816e+0 8.02346018e+0 8.89260461e+0 8.94675451e+0 8.23979434e+0 9.18979818e+0 7.91978812e+0 9.22233584e+0 7.68718564e+0 8.12020421e+0 9.01395322e+0 9.07645761e+0 
5.76409921e+0 7.38620133e+0 7.46450872e+0 6.93243871e+0 7.80730964e+0 6.80954810e+0 7.53263173e+0 7.91463583e+0 6.39059642e+0 7.05240589e+0 8.55956997e+0 6.40543496e+0 6.11528987e+0 6.52081622e+0 6.28361625e+0 7.32569550e+0 6.22445624e+0 6.68645741e+0 6.82199356e+0 7.70027148e+0 4.86362679e+0 6.87613681e+0 7.83840335e+0 8.34956908e+0 6.54678781e+0 8.07172139e+0 6.40592202e+0 5.93955461e+0 8.55756598e+0 8.21072311e+0 
4.77952005e+0 5.03268977e+0 5.83175398e+0 4.85146596e+0 5.70764154e+0 5.06009384e+0 5.46538959e+0 6.35027601e+0 5.12592665e+0 4.59937812e+0 6.85146835e+0 5.97790230e+0 5.58412105e+0 4.97784565e+0 5.14328585e+0 5.92796794e+0 5.21148580e+0 5.49988308e+0 5.31038524e+0 5.79398988e+0 4.34211841e+0 5.23721453e+0 5.50141200e+0 6.10919224e+0 4.92660687e+0 6.58789706e+0 5.29847958e+0 5.10852928e+0 5.24325329e+0 6.29563534e+0 
3.88814883e+0 4.02031464e+0 4.03870037e+0 3.81664812e+0 4.35008224e+0 4.07959228e+0 3.54794638e+0 4.65087457e+0 3.72516819e+0 4.35384912e+0 4.41772863e+0 4.08030419e+0 4.11139037e+0 3.92286330e+0 3.75846410e+0 4.50002964e+0 3.92240546e+0 3.87103663e+0 3.59424519e+0 4.07504994e+0 3.91913056e+0 4.32083742e+0 3.86839063e+0 4.81476992e+0 3.84561736e+0 4.22335978e+0 3.83027208e+0 4.32744770e+0 4.35388795e+0 4.16728951e+0 
3.45837528e+0 3.11106781e+0 3.28699759e+0 2.99369170e+0 3.34427265e+0 3.43167185e+0 3.27519921e+0 3.37276508e+0 3.09295813e+0 3.22892376e+0 3.03953623e+0 3.12207105e+0 3.21952398e+0 3.17638987e+0 3.26438132e+0 3.34825696e+0 3.38505473e+0 3.13837970e+0 3.16254288e+0 3.24514365e+0 3.14785022e+0 3.37247348e+0 3.22531599e+0 3.09521703e+0 3.09054189e+0 3.09056099e+0 3.42596722e+0 3.35390417e+0 3.30844350e+0 3.31799965e+0 
2.82662549e+0 2.79932636e+0 2.86176986e+0 2.86103217e+0 2.76773686e+0 2.87304823e+0 2.94670155e+0 2.86036925e+0 2.74101685e+0 2.96484961e+0 2.78836384e+0 2.83389435e+0 2.77307438e+0 2.78472555e+0 2.86538109e+0 2.84043698e+0 2.91632442e+0 2.74770448e+0 2.79796829e+0 2.84553565e+0 2.81125117e+0 2.87423159e+0 2.74103579e+0 2.90794914e+0 2.76301243e+0 2.79276588e+0 2.76877339e+0 2.91657316e+0 2.93892998e+0 2.72421293e+0 
2.58879830e+0 2.62931224e+0 2.63853416e+0 2.62459062e+0 2.62153654e+0 2.59858258e+0 2.63237718e+0 2.60362643e+0 2.59496295e+0 2.68641030e+0 2.62921218e+0 2.68347173e+0 2.59356363e+0 2.59769473e+0 2.62329951e+0 2.55851826e+0 2.53683391e+0 2.57239061e+0 2.51438431e+0 2.58008964e+0 2.66610232e+0 2.65151981e+0 2.62385313e+0 2.58900750e+0 2.52980145e+0 2.57181268e+0 2.63132980e+0 2.55740914e+0 2.58625057e+0 2.53931976e+0 
2.44993983e+0 2.47438857e+0 2.47543842e+0 2.54427753e+0 2.47437984e+0 2.41359225e+0 2.50550263e+0 2.54154117e+0 2.53010553e+0 2.56252461e+0 2.52344183e+0 2.57127613e+0 2.53885938e+0 2.48642554e+0 2.50487244e+0 2.53235303e+0 2.40959684e+0 2.47404406e+0 2.45872172e+0 2.51582722e+0 2.57805755e+0 2.56098515e+0 2.53839907e+0 2.45165811e+0 2.46900074e+0 2.53447305e+0 2.47664411e+0 2.51835703e+0 2.48806165e+0 2.38767996e+0 
2.41930030e+0 2.34964678e+0 2.42192488e+0 2.51085770e+0 2.38659747e+0 2.33530084e+0 2.35441887e+0 2.50133424e+0 2.46778507e+0 2.49681982e+0 2.39060995e+0 2.53752154e+0 2.53885938e+0 2.48642554e+0 2.46533627e+0 2.51113938e+0 2.37136997e+0 2.43680200e+0 2.44834381e+0 2.44126793e+0 2.49792944e+0 2.42150094e+0 2.50258206e+0 2.36542428e+0 2.39599211e+0 2.49091126e+0 2.39154040e+0 2.43026487e+0 2.43100054e+0 2.34531406e+0 
2.41899482e+0 2.33694353e+0 2.37778468e+0 2.45944403e+0 2.33813142e+0 2.31089938e+0 2.29052634e+0 2.50133424e+0 2.35756587e+0 2.36715319e+0 2.35479460e+0 2.53752154e+0 2.53885938e+0 2.48642554e+0 2.36571138e+0 2.51113938e+0 2.36920758e+0 2.37404303e+0 2.39253110e+0 2.34720037e+0 2.40205909e+0 2.34874490e+0 2.50258206e+0 2.35179150e+0 2.34528086e+0 2.49091126e+0 2.33960809e+0 2.41367958e+0 2.43100054e+0 2.33623230e+0 
2.41899482e+0 2.33694353e+0 2.37759126e+0 2.45131318e+0 2.33728357e+0 2.31071957e+0 2.29052620e+0 2.50133424e+0 2.35753915e+0 2.36678176e+0 2.35358722e+0 2.53752154e+0 2.53885938e+0 2.48642554e+0 2.36571017e+0 2.51113938e+0 2.36920758e+0 2.37404276e+0 2.39024739e+0 2.34713684e+0 2.39706451e+0 2.34874407e+0 2.50258206e+0 2.35171806e+0 2.34527983e+0 2.49091126e+0 2.33924629e+0 2.41367958e+0 2.43100054e+0 2.33621965e+0 
1000000 1000000 1000000 1000000 1000000 1000000 1000000 1000000 1000000 1000000 1000000 1000000 1000000 1000000 1000000 1000000 1000000 1000000 1000000 1000000 1000000 1000000 1000000 1000000 1000000 1000000 1000000 1000000 1000000 1000000 
