8.87649898e+0 9.31202059e+0 1.14739919e+0 1.04409408e+0 1.08479290e+0 1.03396143e+0 1.11757311e+0 8.15211303e+0 1.21005076e+0 9.94499632e+0 1.09337030e+0 1.00859026e+0 1.00648536e+0 1.04108324e+0 1.09925629e+0 7.27170390e+0 1.13493827e+0 9.83029797e+0 1.18664706e+0 8.93427298e+0 1.09353065e+0 9.78747169e+0 9.96679206e+0 9.88949038e+0 8.70094531e+0 1.10122655e+0 1.11494166e+0 1.09301589e+0 1.14714768e+0 1.24620183e+0 
8.87649898e+0 7.33421018e+0 9.62904214e+0 9.58657759e+0 1.08479290e+0 1.03396143e+0 9.76097018e+0 7.51949629e+0 8.86604714e+0 9.94499632e+0 9.99810377e+0 1.00859026e+0 8.25854981e+0 9.58361410e+0 1.06412931e+0 6.91206178e+0 8.54100787e+0 9.74425480e+0 1.10491412e+0 8.93427298e+0 9.43532835e+0 9.78747169e+0 7.52406498e+0 8.86147069e+0 8.65511309e+0 1.05857206e+0 8.69660717e+0 9.82976496e+0 9.62677724e+0 9.98439147e+0 
8.87649898e+0 7.33421018e+0 9.62904214e+0 9.58657759e+0 9.56220243e+0 9.19640706e+0 9.76097018e+0 7.51949629e+0 8.86604714e+0 9.94499632e+0 9.99810377e+0 1.00859026e+0 8.25854981e+0 9.58361410e+0 1.06412931e+0 6.91206178e+0 8.54100787e+0 9.74425480e+0 1.10491412e+0 8.72970482e+0 9.43532835e+0 7.89908279e+0 7.52406498e+0 8.86147069e+0 8.65511309e+0 1.03411439e+0 8.69660717e+0 9.82976496e+0 9.62677724e+0 9.98439147e+0 
8.87649898e+0 7.33421018e+0 9.62904214e+0 9.58657759e+0 9.56220243e+0 9.19640706e+0 9.76097018e+0 7.51949629e+0 8.86604714e+0 9.94499632e+0 9.99810377e+0 1.00859026e+0 8.25854981e+0 9.58361410e+0 9.92238185e+0 6.91206178e+0 8.54100787e+0 9.74425480e+0 1.10491412e+0 8.72970482e+0 9.43532835e+0 7.89908279e+0 7.52406498e+0 8.86147069e+0 8.65511309e+0 1.03411439e+0 8.69660717e+0 8.64309744e+0 9.62677724e+0 9.98439147e+0 
8.87649898e+0 7.33421018e+0 9.62904214e+0 9.58657759e+0 9.56220243e+0 8.32008344e+0 9.76097018e+0 6.12059377e+0 8.86604714e+0 9.29690144e+0 9.48528602e+0 8.35637800e+0 8.25854981e+0 9.08536669e+0 9.92238185e+0 6.02658163e+0 8.54100787e+0 9.64882720e+0 9.96165663e+0 8.72970482e+0 8.69530563e+0 7.89908279e+0 7.52406498e+0 8.86147069e+0 7.83774930e+0 8.21049440e+0 8.69660717e+0 8.64309744e+0 9.00351766e+0 8.51254063e+0 
6.03061867e+0 6.10977540e+0 6.16353032e+0 8.61077369e+0 6.60275520e+0 7.44985078e+0 9.10009428e+0 6.12059377e+0 6.07041914e+0 9.29690144e+0 8.59004266e+0 8.35637800e+0 8.25854981e+0 7.13322753e+0 6.37627554e+0 6.02658163e+0 7.95491038e+0 9.40781930e+0 7.69265798e+0 8.56381222e+0 8.27908580e+0 7.89908279e+0 7.52406498e+0 8.86147069e+0 7.83774930e+0 7.34968560e+0 7.63204511e+0 6.90835813e+0 9.00351766e+0 8.51254063e+0 
6.03061867e+0 6.10977540e+0 6.12821682e+0 6.85133947e+0 6.60275520e+0 7.44985078e+0 8.66372022e+0 6.12059377e+0 5.89819766e+0 6.66230681e+0 6.91172728e+0 8.35637800e+0 7.79823670e+0 7.13322753e+0 6.37627554e+0 6.02658163e+0 7.95491038e+0 6.24287977e+0 7.69265798e+0 6.69690800e+0 8.01599360e+0 7.00210764e+0 7.52406498e+0 7.29669308e+0 6.37870313e+0 7.34968560e+0 7.63204511e+0 6.90835813e+0 8.24652809e+0 7.62168138e+0 
6.03061867e+0 6.10977540e+0 6.12821682e+0 6.85133947e+0 6.60275520e+0 7.44985078e+0 7.67744447e+0 6.12059377e+0 5.89819766e+0 6.66230681e+0 6.91172728e+0 6.91830286e+0 7.44936666e+0 6.16898908e+0 5.78222172e+0 4.93202775e+0 7.15687363e+0 5.47579842e+0 6.28863306e+0 6.69690800e+0 7.08457449e+0 7.00210764e+0 6.23717559e+0 7.02131488e+0 6.37870313e+0 7.34968560e+0 5.36218715e+0 5.09876433e+0 7.51721286e+0 6.94560957e+0 
5.39666799e+0 6.10977540e+0 5.35694583e+0 4.96876677e+0 5.77513687e+0 4.43742277e+0 6.56394518e+0 5.93040957e+0 5.75340839e+0 4.86988832e+0 6.91172728e+0 5.48334939e+0 5.24801478e+0 6.07485883e+0 5.78222172e+0 4.93202775e+0 5.00309760e+0 5.47579842e+0 5.59436740e+0 5.64581258e+0 6.96514294e+0 6.06442469e+0 6.00449511e+0 5.36096299e+0 5.57943726e+0 7.03743650e+0 4.90267757e+0 4.92917828e+0 6.73917904e+0 6.15377813e+0 
5.09328438e+0 5.47407630e+0 5.35694583e+0 4.96876677e+0 5.08842640e+0 4.43742277e+0 5.76053399e+0 4.69003940e+0 4.69871281e+0 4.86988832e+0 6.38383286e+0 4.80460929e+0 4.53832518e+0 5.13453132e+0 4.66724336e+0 3.42221987e+0 4.20306452e+0 5.01592093e+0 5.37311403e+0 5.64581258e+0 5.33214321e+0 5.29769963e+0 4.98614219e+0 5.02724562e+0 5.31094773e+0 5.14638961e+0 4.90267757e+0 4.92917828e+0 4.75050782e+0 4.72118323e+0 
4.45618640e+0 3.95539133e+0 4.99179325e+0 4.36772485e+0 3.64136484e+0 3.57463924e+0 4.45748109e+0 4.17260402e+0 4.43509313e+0 4.34952543e+0 4.11732942e+0 4.76395167e+0 4.15809953e+0 4.27927624e+0 3.70043909e+0 3.17375353e+0 4.04747596e+0 3.97972576e+0 4.35054694e+0 2.79807872e+0 4.91657315e+0 3.70622206e+0 3.90476762e+0 4.48868931e+0 3.25374739e+0 3.47375937e+0 4.90267757e+0 4.49248346e+0 2.85390233e+0 4.26198851e+0 
3.76082262e+0 2.35302762e+0 3.76163593e+0 3.47738084e+0 3.27850294e+0 2.59915690e+0 3.33954203e+0 3.71107794e+0 3.78234568e+0 3.33308544e+0 3.87943484e+0 3.26909437e+0 3.73743139e+0 3.66016647e+0 2.30551083e+0 2.70158599e+0 3.72810040e+0 3.22452595e+0 3.99565285e+0 2.79807872e+0 3.65777214e+0 3.48335128e+0 2.72429271e+0 3.20018474e+0 2.30624478e+0 2.23483910e+0 3.39522088e+0 3.73990551e+0 2.27225479e+0 3.34817496e+0 
2.70591175e+0 1.87404123e+0 3.33448794e+0 2.52630440e+0 2.77807626e+0 2.23507001e+0 1.78599538e+0 3.12097191e+0 2.25073956e+0 1.28603761e+0 3.48538744e+0 3.10712704e+0 2.82234531e+0 2.31207875e+0 2.30551083e+0 2.27842793e+0 2.92058590e+0 2.49995505e+0 2.64800069e+0 2.30093253e+0 3.23670611e+0 2.46886059e+0 1.95386578e+0 1.88050512e+0 2.27721012e+0 1.49571359e+0 2.90698559e+0 2.52111691e+0 2.27225479e+0 2.52233264e+0 
2.16852916e+0 1.48668838e+0 2.54025564e+0 2.28679741e+0 2.22008896e+0 2.23507001e+0 1.52117665e+0 2.56293240e+0 1.98968837e+0 1.11540157e+0 2.71760721e+0 1.98008694e+0 2.50379077e+0 1.52365799e+0 2.06993874e+0 2.07446712e+0 2.73293948e+0 2.09843657e+0 2.43748544e+0 1.37501603e+0 2.40356695e+0 1.85343413e+0 1.95386578e+0 1.35848058e+0 1.79631580e+0 1.36187055e+0 2.48255874e+0 2.09730564e+0 2.27225479e+0 1.25989313e+0 
1.17315095e+0 3.41360955e+0 5.98862478e+0 1.44218840e+0 1.59972970e+0 1.12026311e+0 9.09186724e+0 9.27492408e+0 1.38300359e+0 4.55258278e+0 2.10349787e+0 7.98899330e+0 1.15945041e+0 8.00314015e+0 1.23426245e+0 3.33450672e+0 1.89478111e+0 8.40418524e+0 1.01854950e+0 8.08955292e+0 7.15939023e+0 8.96904029e+0 8.21431394e+0 4.97752450e+0 7.50704976e+0 1.00786011e+0 7.98506853e+0 1.04517797e+0 1.12994460e+0 6.11469193e+0 
8.95462657e+0 2.98487717e+0 5.96975436e+0 1.39293965e+0 1.19395924e+0 1.09445446e+0 8.95462648e+0 1.98991812e+0 1.29344577e+0 2.98487718e+0 5.97000093e+0 7.95966742e+0 1.09445396e+0 7.95966742e+0 1.19394986e+0 2.98487717e+0 4.97479529e+0 7.95966742e+0 8.95462648e+0 7.95966742e+0 6.96471340e+0 3.01776451e+0 7.95967274e+0 4.97479529e+0 4.97479025e+0 3.97983710e+0 7.95966742e+0 9.94958553e+0 5.96975434e+0 5.96975434e+0 
200000 200000 200000 200000 200000 200000 200000 200000 200000 200000 200000 200000 200000 200000 200000 200000 200000 200000 200000 200000 200000 200000 200000 200000 200000 200000 200000 200000 200000 200000 
