2.85962130e+0 2.05033050e+0 1.05345407e+0 8.50163383e+0 9.16966218e+0 1.22884278e+0 5.56552305e+0 3.32368232e+0 3.09600995e+0 1.76449566e+0 2.11066351e+0 2.79073057e+0 6.05451707e+0 4.41915016e+0 1.73338326e+0 5.64356206e+0 5.34076391e+0 3.37841188e+0 1.18262316e+0 5.85426865e+0 2.35010663e+0 6.09452661e+0 4.15350415e+0 1.50907382e+0 2.27337783e+0 2.00962759e+0 9.54543577e+0 4.24386464e+0 4.53531801e+0 1.50487616e+0 
1.80714341e+0 1.71628726e+0 5.07465857e+0 2.04574743e+0 1.26939308e+0 1.28801631e+0 1.93264581e+0 3.32368232e+0 1.74739495e+0 1.76449566e+0 1.71570499e+0 2.38580944e+0 2.60514684e+0 4.41915016e+0 1.47516118e+0 4.99723835e+0 4.16630497e+0 1.22515028e+0 6.13044362e+0 5.85426865e+0 2.35010663e+0 3.09878966e+0 1.41164462e+0 1.50907382e+0 2.05451549e+0 2.00172085e+0 9.54543577e+0 3.52857175e+0 4.21982267e+0 1.45611395e+0 
1.80714341e+0 1.71628726e+0 5.07465857e+0 2.04574743e+0 1.26939308e+0 1.28801631e+0 1.93264581e+0 3.32368232e+0 1.74739495e+0 1.76449566e+0 1.71570499e+0 1.71889956e+0 2.60514684e+0 2.33574726e+0 1.47516118e+0 4.99723835e+0 2.14862865e+0 1.22515028e+0 6.13044362e+0 5.12480830e+0 2.35010663e+0 3.09878966e+0 1.41164462e+0 1.50907382e+0 2.05451549e+0 2.00172085e+0 6.26634368e+0 3.52857175e+0 4.21982267e+0 1.45611395e+0 
1.80714341e+0 1.71628726e+0 5.07465857e+0 2.04574743e+0 1.26939308e+0 1.28801631e+0 1.93264581e+0 3.32368232e+0 1.74739495e+0 1.76449566e+0 1.71570499e+0 1.71889956e+0 2.60514684e+0 2.33574726e+0 1.47516118e+0 4.68649683e+0 2.14862865e+0 1.22515028e+0 6.13044362e+0 5.12480830e+0 2.35010663e+0 3.09878966e+0 1.41164462e+0 1.50907382e+0 2.05451549e+0 2.00172085e+0 6.26634368e+0 3.52857175e+0 2.01821703e+0 1.45611395e+0 
1.80714341e+0 1.55980397e+0 5.07465857e+0 2.04574743e+0 1.26939308e+0 1.28801631e+0 1.93264581e+0 3.20721982e+0 1.74739495e+0 1.76449566e+0 1.13355676e+0 1.24916574e+0 2.60514684e+0 1.60552158e+0 1.47516118e+0 3.59265771e+0 1.67321688e+0 1.22515028e+0 5.69626828e+0 3.94053373e+0 2.24720074e+0 1.81418520e+0 1.29840546e+0 1.46207957e+0 1.47094044e+0 1.41833327e+0 3.35572138e+0 3.52857175e+0 2.01821703e+0 1.42263364e+0 
1.69385778e+0 1.55980397e+0 5.07465857e+0 1.59952310e+0 1.17674148e+0 1.28801631e+0 1.51322492e+0 2.47353206e+0 1.74739495e+0 1.42316535e+0 1.13355676e+0 1.24916574e+0 1.38582798e+0 1.60552158e+0 1.47516118e+0 1.95378750e+0 1.45287198e+0 1.22515028e+0 3.98050291e+0 2.27120235e+0 1.54775550e+0 1.77197779e+0 1.29840546e+0 1.46207957e+0 1.47094044e+0 1.41833327e+0 3.35572138e+0 2.78484887e+0 1.88709416e+0 1.42263364e+0 
1.69385778e+0 1.55980397e+0 1.87504928e+0 1.30175101e+0 1.17674148e+0 1.28801631e+0 1.51322492e+0 1.30573889e+0 1.55884480e+0 1.42316535e+0 1.13355676e+0 1.24916574e+0 1.38582798e+0 1.25710009e+0 1.30846494e+0 1.53327159e+0 1.29224768e+0 1.22515028e+0 3.11380818e+0 1.19721396e+0 1.44693807e+0 1.77197779e+0 1.29723317e+0 1.17130613e+0 1.47094044e+0 1.30272208e+0 3.14115375e+0 1.81419469e+0 1.88709416e+0 1.42263364e+0 
1.13204309e+0 1.25265185e+0 1.62092051e+0 1.27877490e+0 1.10050279e+0 1.27843933e+0 1.30390171e+0 1.15402625e+0 1.19588976e+0 1.21535284e+0 1.13355676e+0 1.22641603e+0 1.08249246e+0 1.14231444e+0 1.24377789e+0 1.31655479e+0 1.25849851e+0 1.08767716e+0 1.82124440e+0 1.19583137e+0 1.19610371e+0 1.32366747e+0 1.28064866e+0 1.11325795e+0 1.24137336e+0 1.25082976e+0 1.58715381e+0 1.43039265e+0 1.23822661e+0 1.19815731e+0 
1.05208590e+0 1.14408777e+0 1.21697975e+0 1.22729798e+0 1.06371335e+0 1.12794612e+0 1.18784163e+0 1.06891050e+0 1.13373967e+0 1.11643829e+0 1.13355676e+0 1.21531441e+0 1.07975938e+0 1.09750205e+0 1.16688774e+0 1.10504944e+0 1.11453838e+0 1.08728787e+0 1.15611077e+0 1.13488519e+0 1.11625034e+0 1.18987786e+0 1.18412127e+0 1.09734868e+0 1.14077343e+0 1.12906124e+0 1.16095074e+0 1.30654708e+0 1.13036803e+0 1.12588165e+0 
1.02643445e+0 1.08938186e+0 1.09656098e+0 1.11774049e+0 1.03007675e+0 1.07772551e+0 1.03647586e+0 1.04810586e+0 1.09047786e+0 1.07329221e+0 1.01844155e+0 1.03879263e+0 1.05241006e+0 1.04533183e+0 1.07651125e+0 1.03138811e+0 1.09763030e+0 1.04391190e+0 1.08164067e+0 1.07054534e+0 1.06873174e+0 1.05466146e+0 1.07455890e+0 1.06596031e+0 1.06752369e+0 1.05917894e+0 1.01385700e+0 1.12625693e+0 1.04513838e+0 1.05270463e+0 
1.01739139e+0 1.02730356e+0 1.01860110e+0 1.01247245e+0 1.00872456e+0 1.02777912e+0 1.01497488e+0 1.01809115e+0 1.01169785e+0 1.02756480e+0 1.00735921e+0 1.01833380e+0 1.01599960e+0 1.00821056e+0 1.01240552e+0 1.01382975e+0 1.02316362e+0 1.01526744e+0 1.02329855e+0 1.02237960e+0 1.01027714e+0 1.01696851e+0 1.01637539e+0 1.02157438e+0 1.01136625e+0 1.01011902e+0 1.01355172e+0 1.04048534e+0 1.01008475e+0 1.02594605e+0 
1.00799733e+0 1.00689691e+0 1.01159199e+0 1.00787305e+0 1.00736970e+0 1.00907933e+0 1.01069125e+0 1.00771030e+0 1.00668451e+0 1.00553257e+0 1.00486852e+0 1.00902410e+0 1.00594386e+0 1.00688281e+0 1.00784114e+0 1.00801343e+0 1.00840537e+0 1.00917444e+0 1.00600288e+0 1.01080200e+0 1.00726211e+0 1.00806373e+0 1.00520738e+0 1.00959206e+0 1.00713125e+0 1.00538604e+0 9.47025205e+0 1.00771684e+0 1.00567092e+0 1.00806031e+0 
7.31573761e+0 1.00548019e+0 9.82230776e+0 1.00479890e+0 1.00448458e+0 3.85123030e+0 4.19983651e+0 1.00633176e+0 5.11837534e+0 3.75146459e+0 1.00360123e+0 1.00493461e+0 7.51780398e+0 6.25573956e+0 1.00660351e+0 1.00583300e+0 7.37762345e+0 1.00603491e+0 9.66704404e+0 6.96669619e+0 1.00536284e+0 1.00759435e+0 1.00520738e+0 1.00785664e+0 7.32240300e+0 1.00538604e+0 1.80087925e+0 1.00695589e+0 1.00457724e+0 1.00748282e+0 
8.26345211e+0 3.03997107e+0 1.51860127e+0 1.13147000e+0 1.00353801e+0 7.96084767e+0 5.04301743e+0 7.40400377e+0 9.23624572e+0 2.13239508e+0 1.52634117e+0 5.28913456e+0 1.87869002e+0 5.71940773e+0 2.22722436e+0 1.46484863e+0 5.08095431e+0 1.00440702e+0 1.22251015e+0 5.48633550e+0 1.00438276e+0 1.06813876e+0 2.77519980e+0 3.78846451e+0 3.51007163e+0 1.00538604e+0 4.77156292e-0 4.57105400e+0 2.98493828e+0 2.19315821e+0 
3.19298667e-0 4.00533130e+0 3.54316345e+0 3.55515647e+0 1.00229911e+0 3.49212289e+0 6.35614263e-0 3.64106529e+0 3.15978899e-0 1.25243188e-0 1.75673039e+0 4.05623585e+0 1.89959320e-0 6.74225554e-0 3.38266398e-0 3.60057069e-0 3.61940158e+0 1.00355810e+0 2.52416467e-0 3.47751919e+0 1.00350101e+0 3.54833753e+0 3.93560161e+0 2.53204504e+0 3.55269995e+0 1.00538604e+0 2.61903975e-0 4.42627530e-0 3.83407586e+0 2.50862266e-0 
2.49819494e-0 3.47744409e+0 3.53987331e+0 1.87363753e-0 1.00196504e+0 3.41497123e+0 6.24552898e-0 3.53991085e+0 3.12275089e-0 1.24909008e-0 3.12272721e-0 3.60234705e+0 1.24909008e-0 6.24553829e-0 2.49818122e-0 2.49818483e-0 3.60235983e+0 1.00233520e+0 2.49818661e-0 3.47741546e+0 1.00305688e+0 3.47742232e+0 3.53986959e+0 1.92218476e+0 1.87367313e-0 1.00289318e+0 2.49817980e-0 1.87363822e-0 3.74727163e-0 2.49821371e-0 
200000 200000 200000 200000 200000 200000 200000 200000 200000 200000 200000 200000 200000 200000 200000 200000 200000 200000 200000 200000 200000 200000 200000 200000 200000 200000 200000 200000 200000 200000 
