1.69482513e+0 4.61225066e+0 8.34812189e+0 1.04274979e+0 1.09360471e+0 8.76574453e+0 4.00669848e+0 1.30584127e+0 1.59004456e+0 1.49912312e+0 1.92160580e+0 6.07851528e+0 3.10534072e+0 1.75924039e+0 1.82846704e+0 7.22824367e+0 2.88408444e+0 1.85047818e+0 7.23786596e+0 1.23002779e+0 6.92813735e+0 1.72416953e+0 1.43424370e+0 1.95739388e+0 4.24740686e+0 1.81248795e+0 1.46709861e+0 9.48386974e+0 1.69998609e+0 3.35845105e+0 
9.27258543e+0 4.61225066e+0 3.53234428e+0 9.13864646e+0 1.09360471e+0 8.76574453e+0 1.11314094e+0 6.38955123e+0 9.56899987e+0 6.25594752e+0 1.74186966e+0 5.39377686e+0 1.85541302e+0 9.13622950e+0 9.88607472e+0 4.57313561e+0 1.37153981e+0 1.36474887e+0 3.99895494e+0 4.48907383e+0 6.92813735e+0 1.72416953e+0 1.38719899e+0 1.63837843e+0 4.24740686e+0 1.81248795e+0 1.46709861e+0 6.90605062e+0 7.33845101e+0 1.88993692e+0 
5.18209522e+0 4.61225066e+0 3.53234428e+0 9.13864646e+0 1.09360471e+0 8.76574453e+0 1.11314094e+0 6.38955123e+0 6.40616388e+0 6.25594752e+0 1.48335987e+0 5.39377686e+0 1.50992542e+0 9.13622950e+0 9.88607472e+0 4.57313561e+0 8.53621927e+0 9.75325433e+0 3.99895494e+0 4.48907383e+0 6.92813735e+0 1.72416953e+0 1.38719899e+0 1.32880590e+0 4.24740686e+0 1.81248795e+0 1.05872829e+0 6.90605062e+0 7.33845101e+0 1.88993692e+0 
5.18209522e+0 4.61225066e+0 3.53234428e+0 9.13864646e+0 1.09360471e+0 8.76574453e+0 1.11314094e+0 6.38955123e+0 6.40616388e+0 6.25594752e+0 1.48335987e+0 5.39377686e+0 1.50992542e+0 9.13622950e+0 9.88607472e+0 4.57313561e+0 7.47089346e+0 9.75325433e+0 3.99895494e+0 4.48907383e+0 6.92813735e+0 1.72416953e+0 1.38719899e+0 1.32880590e+0 4.24740686e+0 1.81248795e+0 1.05872829e+0 6.90605062e+0 7.33845101e+0 1.88993692e+0 
5.18209522e+0 4.60126483e+0 2.89164069e+0 6.28977547e+0 6.84786618e+0 7.28893619e+0 5.06011418e+0 4.28293399e+0 3.80693078e+0 5.31520156e+0 1.48335987e+0 3.93684045e+0 7.05365009e+0 9.13622950e+0 6.30739433e+0 4.57313561e+0 7.47089346e+0 9.75325433e+0 3.97186351e+0 2.99315138e+0 4.85835560e+0 1.69564233e+0 5.63364002e+0 1.32880590e+0 3.22529813e+0 1.32590135e+0 9.27874596e+0 4.33856251e+0 7.33845101e+0 1.16896471e+0 
3.84233223e+0 4.54846309e+0 2.89164069e+0 6.09027879e+0 6.08040263e+0 5.31338342e+0 5.06011418e+0 4.28293399e+0 3.20415508e+0 5.31520156e+0 7.97816130e+0 3.76986536e+0 7.05365009e+0 6.61330719e+0 6.30739433e+0 4.57313561e+0 5.48328022e+0 6.58270149e+0 3.97186351e+0 2.99315138e+0 4.85835560e+0 1.69564233e+0 5.63364002e+0 7.99144609e+0 3.22529813e+0 1.09845993e+0 6.96387818e+0 4.33856251e+0 7.33845101e+0 2.23078866e+0 
3.09766144e+0 4.54846309e+0 2.89164069e+0 3.51370917e+0 6.08040263e+0 3.42376749e+0 4.25211070e+0 2.46012689e+0 3.20415508e+0 4.72500565e+0 4.32960804e+0 1.31933360e+0 3.85123281e+0 6.25598579e+0 6.01070542e+0 2.69956593e+0 2.62305836e+0 3.32028222e+0 2.85671809e+0 2.99315138e+0 4.85835560e+0 1.69564233e+0 5.63364002e+0 3.28465725e+0 2.45262998e+0 3.75292509e+0 4.17824445e+0 4.13699213e+0 4.52539899e+0 1.98722013e+0 
3.09766144e+0 1.49927508e+0 2.37893966e+0 3.12151829e+0 1.95227741e+0 2.77863638e+0 1.63163404e+0 2.46012689e+0 1.74146269e+0 2.97562156e+0 2.58984427e+0 1.31933360e+0 3.03374546e+0 2.66463651e+0 1.08590427e+0 1.77318788e+0 2.59998303e+0 2.20992902e+0 1.91694657e+0 1.64848807e+0 3.18099502e+0 1.60860606e+0 3.37017489e+0 2.75009812e+0 1.74871813e+0 3.65105763e+0 3.64045373e+0 2.34580244e+0 2.54872651e+0 1.98722013e+0 
1.35957435e+0 1.49927508e+0 1.43069350e+0 1.35160223e+0 1.36588640e+0 1.16531545e+0 1.63163404e+0 1.10865209e+0 1.44988668e+0 1.46846241e+0 1.43653572e+0 9.05509869e+0 1.34983703e+0 1.26154767e+0 1.08590427e+0 1.22654070e+0 1.04716011e+0 1.37330500e+0 1.13469417e+0 1.60099812e+0 1.49118269e+0 1.19479118e+0 1.75637610e+0 1.56891949e+0 1.04100848e+0 1.67446223e+0 1.47637624e+0 1.68204747e+0 1.91387787e+0 1.05905044e+0 
9.13239267e+0 6.24032196e+0 7.62980479e+0 7.51915304e+0 9.00762828e+0 7.10478267e+0 8.78754998e+0 8.09515193e+0 7.21126870e+0 7.89808457e+0 1.11931010e+0 6.80942986e+0 7.29068283e+0 5.53654112e+0 8.76829029e+0 1.03028083e+0 8.81827297e+0 8.15948989e+0 7.49836040e+0 6.34491597e+0 1.21402487e+0 7.51596424e+0 5.54012227e+0 7.49082955e+0 7.06314263e+0 8.81543619e+0 5.73824548e+0 1.07168441e+0 7.04395964e+0 7.44884830e+0 
5.61879682e+0 3.22924341e+0 3.08195298e+0 4.81623189e+0 5.32062660e+0 3.99279030e+0 4.98414933e+0 4.86709323e+0 5.81876719e+0 3.20073627e+0 6.53631244e+0 2.49582295e+0 4.14818746e+0 4.20711644e+0 5.50646198e+0 5.57752748e+0 3.84575489e+0 3.46810640e+0 3.14025894e+0 4.11332488e+0 4.47942070e+0 3.68651587e+0 4.42254245e+0 1.75247102e+0 3.18823758e+0 5.19419300e+0 2.39688510e+0 4.61664436e+0 3.93505796e+0 3.19100599e+0 
1.96255886e+0 1.87751235e+0 1.82535646e+0 2.18910492e+0 1.49946814e+0 2.07146296e+0 2.09903223e+0 1.51540704e+0 2.70603398e+0 1.00423409e+0 1.87607004e+0 1.47761662e+0 1.39238659e+0 1.13243697e+0 2.40524196e+0 2.03757250e+0 1.98730149e+0 2.23639388e+0 1.43052364e+0 1.23558793e+0 1.62367612e+0 2.30634334e+0 1.64122100e+0 6.87445174e+0 1.74516514e+0 2.61988722e+0 1.47866496e+0 1.45541039e+0 2.04903591e+0 9.84569829e+0 
7.13967199e+0 3.30706387e-0 1.96052551e+0 1.37878404e+0 1.82792145e+0 1.01688240e+0 4.77931575e+0 5.95014997e+0 2.52708240e+0 4.05615789e+0 2.03111398e+0 5.75738239e+0 7.51697672e+0 1.16135618e+0 3.80963278e+0 5.11028534e+0 4.87993458e+0 4.39170748e+0 1.24449943e+0 5.16020035e+0 6.45592176e+0 4.67210902e+0 5.75068293e+0 9.62904643e-0 8.10482127e+0 3.39012846e+0 2.26347522e+0 4.50188308e+0 4.43472693e+0 5.39209083e+0 
6.49767780e+0 2.71887352e-0 3.17400952e-0 6.37689285e-0 9.12796598e-0 1.31453781e+0 2.64220217e-0 4.09671286e+0 1.05247086e-0 6.77740000e-0 1.16365982e-0 1.02525429e+0 5.69828866e+0 4.35330343e-0 1.02276366e-0 7.21979718e-0 5.66909690e-0 4.25216468e-0 5.84737092e-0 4.20422050e+0 1.05059091e-0 3.74493980e-0 1.20795952e-0 2.04576468e-0 6.15977396e+0 4.03812261e-0 5.72449191e-0 3.30598044e-0 2.02119249e-0 4.54732388e+0 
5.25399078e+0 1.35680220e-0 2.34608792e-0 4.15443094e-0 4.02323184e-0 1.72367712e-0 6.30775144e-0 2.44306248e+0 4.15227633e-0 3.79428714e-0 8.19630928e-0 4.77816740e-0 3.70405616e-0 3.47549914e-0 5.08602807e-0 5.35647717e-0 3.90038136e-0 7.73680776e-0 3.61461963e-0 9.35123251e-0 1.46961876e-0 2.90487183e-0 6.80212314e-0 3.52930724e-0 2.42713737e-0 1.43596349e-0 3.46251136e-0 1.04959524e-0 5.76470428e-0 4.24268876e+0 
4.00925372e+0 9.92417881e-0 1.70266456e-0 3.80098902e-0 1.39911322e-0 9.03154943e-0 6.87512926e-0 1.38163286e-0 5.07467742e-0 3.23029872e-0 1.37056082e-0 2.36617911e-0 1.97292869e-0 3.44853796e-0 3.41758752e-0 1.25909829e-0 6.09231717e-0 9.91775042e-0 1.55937411e-0 9.98925710e-0 1.31401115e-0 1.13096448e-0 1.50137685e-0 4.34913259e-0 4.16828009e-0 1.12703831e-0 9.82825225e-0 3.19172060e-0 6.47473438e-0 3.98782245e+0 
200000 192654 200000 200000 200000 200000 200000 200000 200000 200000 200000 200000 200000 200000 200000 200000 200000 200000 200000 200000 200000 200000 200000 200000 200000 200000 200000 200000 200000 200000 
