8.37266660e+0 9.37081082e+0 8.30591064e+0 1.04095302e+0 7.72670025e+0 9.74514474e+0 1.10697439e+0 8.78379190e+0 1.06321718e+0 1.28285368e+0 8.73066561e+0 8.37978209e+0 1.20997226e+0 1.07413936e+0 1.07462629e+0 1.05300525e+0 1.34138003e+0 1.04024823e+0 1.05783885e+0 8.09719144e+0 9.07071984e+0 1.07654812e+0 9.55360144e+0 7.39404379e+0 1.20792034e+0 1.32401851e+0 1.18591126e+0 8.30339621e+0 1.26931611e+0 7.57018335e+0 
6.23125178e+0 8.60004331e+0 6.80337863e+0 9.12485403e+0 7.72670025e+0 9.58073551e+0 9.14611301e+0 7.18474777e+0 1.00080820e+0 7.79094844e+0 7.99265525e+0 7.16720990e+0 1.07668458e+0 9.08711179e+0 1.04071945e+0 5.27261155e+0 7.72310737e+0 8.78945040e+0 1.01594759e+0 8.09719144e+0 7.48042545e+0 8.76777298e+0 8.28838565e+0 6.96322692e+0 1.00095995e+0 8.59289225e+0 8.86847875e+0 7.80220005e+0 1.23390697e+0 7.49315253e+0 
6.23125178e+0 8.60004331e+0 6.80337863e+0 9.12485403e+0 7.72670025e+0 8.34774504e+0 6.62920329e+0 7.18474777e+0 7.22007224e+0 7.59276065e+0 7.99265525e+0 7.16720990e+0 1.04210953e+0 7.77023641e+0 9.36732281e+0 5.27261155e+0 7.72310737e+0 8.78945040e+0 7.99798655e+0 8.09719144e+0 6.15326584e+0 8.76777298e+0 8.28838565e+0 6.96322692e+0 7.48270736e+0 8.59289225e+0 8.86847875e+0 7.80220005e+0 9.01195410e+0 7.49315253e+0 
6.23125178e+0 8.60004331e+0 6.80337863e+0 9.12485403e+0 7.72670025e+0 8.34774504e+0 6.62920329e+0 7.18474777e+0 7.22007224e+0 7.59276065e+0 7.99265525e+0 7.16720990e+0 1.04210953e+0 7.77023641e+0 9.36732281e+0 5.27261155e+0 7.72310737e+0 8.78945040e+0 7.99798655e+0 8.09719144e+0 6.15326584e+0 8.76777298e+0 8.28838565e+0 6.96322692e+0 6.73776863e+0 8.59289225e+0 8.86847875e+0 7.80220005e+0 9.01195410e+0 7.49315253e+0 
6.23125178e+0 6.14168339e+0 6.80337863e+0 7.66696647e+0 6.33201652e+0 6.73155816e+0 6.62920329e+0 5.66096697e+0 7.02347278e+0 7.25984795e+0 6.77339094e+0 6.04081314e+0 8.46946885e+0 5.69615003e+0 7.68585085e+0 5.27261155e+0 6.44940807e+0 7.14880058e+0 7.59442699e+0 7.84628738e+0 5.76097946e+0 7.58337948e+0 6.78294821e+0 5.80260891e+0 6.16430772e+0 6.20756919e+0 5.86614994e+0 6.96031152e+0 9.01195410e+0 6.91704829e+0 
6.23125178e+0 6.14168339e+0 6.80337863e+0 5.73608659e+0 5.94140671e+0 6.08631517e+0 6.40383240e+0 5.66096697e+0 5.88145017e+0 6.19680813e+0 4.32954347e+0 6.04081314e+0 8.19587079e+0 4.76054919e+0 6.35835282e+0 5.27261155e+0 5.05089795e+0 6.56629167e+0 5.19173405e+0 6.05016319e+0 5.39526890e+0 6.78334079e+0 5.12216079e+0 5.17027961e+0 6.16430772e+0 5.18686416e+0 5.86614994e+0 4.35711283e+0 6.01025850e+0 6.30527698e+0 
5.92497472e+0 5.77567201e+0 5.88187632e+0 4.77005608e+0 4.25975140e+0 4.20414405e+0 4.94130320e+0 5.41907731e+0 5.88145017e+0 5.10821172e+0 3.72269907e+0 4.87995166e+0 5.49113572e+0 4.76054919e+0 5.15189987e+0 5.06486526e+0 4.97149850e+0 4.67142498e+0 4.42629318e+0 5.80378890e+0 4.27916058e+0 4.66522905e+0 4.80224653e+0 4.33112833e+0 4.85729199e+0 5.18686416e+0 4.87028153e+0 4.35711283e+0 4.65411693e+0 3.53867323e+0 
4.03519107e+0 3.62004844e+0 4.42468595e+0 3.37634210e+0 3.14693964e+0 2.89651085e+0 2.74470438e+0 3.34640273e+0 3.18696581e+0 2.92705950e+0 2.60800921e+0 3.74338108e+0 3.50685828e+0 3.97443104e+0 3.64178045e+0 4.87002322e+0 3.34313330e+0 3.74097959e+0 3.18234023e+0 2.70089884e+0 3.26615943e+0 2.56814427e+0 2.88815046e+0 3.35067499e+0 2.92311717e+0 3.46462392e+0 3.79401131e+0 3.82531880e+0 3.40045945e+0 2.40838482e+0 
1.92249868e+0 2.53884253e+0 2.78773296e+0 2.15863507e+0 2.33053287e+0 2.71146441e+0 2.19373710e+0 1.87835891e+0 2.36271082e+0 2.11802658e+0 1.83102307e+0 2.85341288e+0 2.08717517e+0 2.17967896e+0 2.41480160e+0 1.85418539e+0 1.53681858e+0 2.03374818e+0 2.38039222e+0 1.87292963e+0 2.54465346e+0 1.94461782e+0 2.20229906e+0 2.41251110e+0 1.99096297e+0 2.20705434e+0 2.19886988e+0 2.67636032e+0 2.34725731e+0 2.11221754e+0 
1.45577971e+0 1.34429148e+0 1.66993947e+0 1.27236045e+0 1.23137319e+0 1.59542979e+0 1.45134808e+0 1.42319025e+0 1.43936250e+0 1.16235795e+0 1.33444882e+0 1.29090145e+0 1.45213199e+0 1.37992535e+0 1.22462572e+0 1.36195924e+0 1.24740508e+0 1.21669694e+0 1.32961024e+0 1.14214743e+0 1.37368380e+0 1.51037748e+0 1.44817326e+0 1.44025205e+0 1.29983753e+0 1.21521063e+0 1.20724742e+0 1.57986131e+0 1.59272528e+0 1.31647117e+0 
8.76065063e+0 8.14076305e+0 8.08138385e+0 5.90484996e+0 6.29564393e+0 6.74031897e+0 8.33158175e+0 8.00991958e+0 9.79697646e+0 8.38652404e+0 8.70859317e+0 7.37447516e+0 8.25297306e+0 8.87164412e+0 9.01658437e+0 8.99801259e+0 8.04518012e+0 8.25846822e+0 6.29386481e+0 8.88377432e+0 5.64257014e+0 8.05128156e+0 8.78415018e+0 6.27261282e+0 7.12810839e+0 6.50077268e+0 7.98756162e+0 8.80512982e+0 7.24332256e+0 9.52990927e+0 
4.06637307e+0 3.62732875e+0 3.37210883e+0 3.26513440e+0 3.26293799e+0 3.45837043e+0 4.14388592e+0 2.51822182e+0 4.99955251e+0 4.00333878e+0 5.34928713e+0 3.60889057e+0 3.62086398e+0 4.41735794e+0 4.49818985e+0 3.64841101e+0 5.10017884e+0 3.90404582e+0 3.38340155e+0 5.18325748e+0 3.33191254e+0 4.15379477e+0 4.05896587e+0 3.36655899e+0 3.48201035e+0 3.40780713e+0 4.08080316e+0 4.17260303e+0 3.46454768e+0 4.39279541e+0 
3.00513706e+0 3.00167666e+0 3.00102184e+0 3.00082652e+0 3.00103446e+0 3.00216848e+0 3.00947478e+0 4.14456040e+0 3.01633022e+0 3.01379124e+0 3.03746036e+0 3.00502371e+0 3.00350308e+0 3.01360583e+0 3.01022863e+0 3.00406527e+0 3.00654060e+0 3.00635867e+0 3.00101345e+0 3.02800833e+0 3.00141402e+0 3.01617169e+0 3.00403734e+0 3.00134802e+0 3.00409582e+0 3.00254622e+0 3.00717169e+0 3.02002047e+0 3.00174961e+0 3.01854101e+0 
3.00000021e+0 6.67451616e+0 1.58448964e+0 3.00000002e+0 7.00812893e+0 4.80088450e+0 1.46565556e+0 4.02743805e-0 6.76739772e+0 1.89625676e+0 1.74373770e+0 1.69498025e+0 2.52127856e+0 3.29482072e+0 1.02468893e+0 1.29018382e+0 3.00000010e+0 2.83468848e+0 3.00000001e+0 3.10473886e+0 2.65523742e+0 1.23363379e+0 4.42514121e+0 3.00000001e+0 3.00000006e+0 3.70191827e+0 8.78850547e+0 1.30459484e+0 3.00000001e+0 6.76220665e+0 
3.51524653e+0 1.79130261e-0 6.44390696e-0 3.00000000e+0 1.55653206e-0 7.60141812e-0 7.26204997e-0 1.30953595e-0 2.24991863e-0 5.93029869e+0 3.52964312e-0 4.66052734e-0 1.35498303e-0 1.27906953e-0 2.18432321e-0 7.79216081e-0 1.33144133e+0 1.39889125e-0 1.11263880e+0 2.33950211e-0 1.87185861e-0 1.00451274e-0 4.05145638e-0 1.58121993e-0 3.00000000e+0 5.61778886e-0 1.50777056e-0 1.28482106e-0 4.91423502e-0 6.56387474e-0 
4.79577920e-0 1.01665592e-0 2.20387665e-0 9.62927516e-0 9.79525794e-0 9.79616743e-0 5.36592779e-0 1.30953595e-0 3.41365194e-0 6.43150129e-0 9.80526238e-0 1.97186637e-0 1.04862465e-0 2.29279067e-0 4.59715739e-0 1.53852534e-0 4.20939159e-0 2.97761835e-0 2.58337385e-0 4.95638233e-0 3.95857569e-0 1.02278136e-0 2.46423042e-0 9.81754056e-0 9.18907972e-0 1.27382555e-0 9.95305527e-0 3.79462108e-0 9.59289537e-0 4.97210385e-0 
1000000 1000000 1000000 851674 830494 968720 1000000 1000000 1000000 1000000 883287 1000000 1000000 1000000 1000000 1000000 1000000 1000000 1000000 1000000 1000000 1000000 1000000 621267 868901 1000000 900343 1000000 622446 1000000 
