2.93787386e+0 6.83810156e+0 1.77698398e+0 1.24818490e+0 1.31547878e+0 5.93963415e+0 1.36217805e+0 8.88472343e+0 5.64443225e+0 9.80659254e+0 3.74056709e+0 9.11344970e+0 1.32657859e+0 3.01093159e+0 3.16623479e+0 2.37603584e+0 1.22726961e+0 6.57793527e+0 1.01712192e+0 1.21370997e+0 1.78647852e+0 1.27572839e+0 9.85426112e+0 1.46556070e+0 8.69470488e+0 2.39430305e+0 9.78605888e+0 3.97704461e+0 1.33442032e+0 4.02848958e+0 
2.89561875e+0 5.65143568e+0 6.16500334e+0 1.24818307e+0 7.54487234e+0 5.43639614e+0 5.91709592e+0 8.88472343e+0 9.34883749e+0 7.67598344e+0 3.70795084e+0 7.02361288e+0 5.47031846e+0 2.98258561e+0 3.16623479e+0 6.07241295e+0 7.21624196e+0 4.74200380e+0 1.01957501e+0 1.10528224e+0 5.91484602e+0 8.91215260e+0 7.94830129e+0 7.57402101e+0 5.49845320e+0 7.44847858e+0 4.97947399e+0 6.59864552e+0 9.18735456e+0 2.31287609e+0 
2.89561875e+0 5.65143568e+0 4.12539032e+0 1.14698069e+0 7.32292219e+0 5.43639614e+0 4.90763036e+0 8.42614992e+0 9.34883749e+0 4.83327982e+0 3.70795084e+0 7.02361288e+0 4.53338960e+0 2.98258561e+0 1.54402386e+0 6.07241295e+0 7.21624196e+0 4.74200380e+0 3.83859056e+0 1.10528224e+0 5.91484602e+0 8.91215260e+0 4.82582289e+0 7.57402101e+0 5.49845320e+0 7.44847858e+0 4.97947399e+0 6.59864552e+0 4.85543713e+0 2.31287609e+0 
2.89561875e+0 5.65143568e+0 4.12539032e+0 1.14698069e+0 7.32292219e+0 5.43639614e+0 4.90763036e+0 8.42614992e+0 9.34883749e+0 4.83327982e+0 3.70795084e+0 7.02361288e+0 4.53338960e+0 2.98258561e+0 1.54402386e+0 6.07241295e+0 4.92742409e+0 4.74200380e+0 3.83859056e+0 9.17336608e+0 5.91484602e+0 3.98121969e+0 4.82582289e+0 7.57402101e+0 5.49845320e+0 7.44847858e+0 4.97947399e+0 6.59864552e+0 4.85543713e+0 2.31287609e+0 
2.89561875e+0 5.65143568e+0 3.50601597e+0 9.63775634e+0 3.94476075e+0 3.84253877e+0 2.70719043e+0 5.79632420e+0 6.92028985e+0 4.47684774e+0 3.70795084e+0 3.80710424e+0 2.72497790e+0 2.83903860e+0 4.96893508e+0 4.71974294e+0 4.92742409e+0 3.14208335e+0 3.83859056e+0 6.92986373e+0 2.13991163e+0 3.98121969e+0 3.72044759e+0 4.60443228e+0 4.48637783e+0 3.59181042e+0 3.45385062e+0 5.68550748e+0 3.53815771e+0 7.82271259e+0 
2.89561875e+0 3.04157232e+0 3.50601597e+0 1.85303356e+0 1.36914211e+0 3.84253877e+0 2.70719043e+0 2.96029295e+0 6.92028985e+0 2.97879245e+0 3.69981854e+0 3.80710424e+0 2.72497790e+0 2.83903860e+0 3.48225627e+0 3.08627333e+0 4.92742409e+0 3.14208335e+0 3.83859056e+0 4.29464442e+0 2.13991163e+0 3.47161656e+0 3.30763762e+0 3.85020156e+0 4.48637783e+0 3.59181042e+0 2.16879333e+0 5.05959043e+0 3.53815771e+0 7.74271958e+0 
2.33822096e+0 2.55054846e+0 2.57233858e+0 1.85303356e+0 1.36914211e+0 3.74404373e+0 1.94799494e+0 2.38713950e+0 2.86454927e+0 2.86494484e+0 3.63756424e+0 1.86141968e+0 2.72497790e+0 2.83903860e+0 9.50382053e+0 1.74593377e+0 1.98309502e+0 3.14208335e+0 2.18498355e+0 2.13951285e+0 2.13991163e+0 1.29553327e+0 3.30763762e+0 2.79383170e+0 2.84697538e+0 5.13043111e+0 2.06218829e+0 3.26770482e+0 3.09814976e+0 5.28566421e+0 
7.76727956e+0 2.36887491e+0 1.27997808e+0 1.05465415e+0 6.61137946e+0 1.35513140e+0 4.81451742e+0 1.94093570e+0 1.07478915e+0 1.34394983e+0 5.87914991e+0 7.71856180e+0 1.80115816e+0 1.30566664e+0 9.28588039e+0 4.89652564e+0 1.06819331e+0 1.42918185e+0 2.13305971e+0 1.17961098e+0 6.96508335e+0 6.79892794e+0 8.41454393e+0 1.05963155e+0 1.64849327e+0 4.62885753e+0 1.85717868e+0 1.58435064e+0 1.09606577e+0 2.19307816e+0 
5.20064775e+0 6.72763927e+0 5.89136533e+0 6.46327039e+0 5.43857007e+0 4.77630407e+0 4.05953259e+0 6.84715962e+0 6.14613878e+0 4.19133450e+0 5.35658862e+0 5.89170993e+0 6.09258979e+0 5.06946460e+0 6.43255590e+0 4.35271135e+0 3.79063523e+0 4.84093416e+0 5.98428300e+0 6.82822386e+0 5.21787522e+0 6.45487789e+0 6.57901201e+0 5.83006057e+0 5.00274411e+0 4.00178234e+0 5.99838257e+0 6.91308210e+0 5.87327582e+0 5.40420150e+0 
3.82054808e+0 3.83634341e+0 3.10197117e+0 3.62209867e+0 3.62959899e+0 3.78095945e+0 3.55707248e+0 4.07432777e+0 3.65356086e+0 2.89778026e+0 4.03261111e+0 3.60723361e+0 3.59668097e+0 3.30594781e+0 3.67198018e+0 3.83536433e+0 3.60954952e+0 3.69112363e+0 3.95412969e+0 4.04869916e+0 3.76144570e+0 3.63607383e+0 3.25895199e+0 3.98108603e+0 3.99718747e+0 3.98871023e+0 3.88065159e+0 3.39304474e+0 3.39515565e+0 3.75406721e+0 
2.89141184e+0 2.76837251e+0 2.80219232e+0 2.97433408e+0 2.63376627e+0 3.03129480e+0 2.85544163e+0 2.99226246e+0 2.99272046e+0 2.82420869e+0 2.95855832e+0 2.90185836e+0 2.93707826e+0 2.86795958e+0 2.87213248e+0 3.03288292e+0 2.95525685e+0 2.97044883e+0 2.93621174e+0 3.03729254e+0 3.04668941e+0 2.90201857e+0 2.93613145e+0 3.05087665e+0 2.84672045e+0 2.92163334e+0 3.12997145e+0 2.94869803e+0 2.89108678e+0 3.11539437e+0 
2.55399681e+0 2.66827580e+0 2.53110509e+0 2.66420346e+0 2.60754294e+0 2.69606756e+0 2.63652835e+0 2.62877988e+0 2.63624290e+0 2.66046017e+0 2.62205265e+0 2.67950046e+0 2.78254500e+0 2.51929932e+0 2.58496179e+0 2.63392559e+0 2.67623061e+0 2.81259655e+0 2.60998057e+0 2.57675276e+0 2.58235769e+0 2.77804789e+0 2.65716333e+0 2.66669413e+0 2.45952689e+0 2.49356227e+0 2.61381534e+0 2.56901839e+0 2.60985991e+0 2.74049853e+0 
2.48788071e+0 2.52767452e+0 2.52797134e+0 2.54375426e+0 2.52116941e+0 2.55189424e+0 2.22258018e+0 2.47674196e+0 2.50453487e+0 2.54872940e+0 2.50156614e+0 2.46097408e+0 2.61068246e+0 2.51929932e+0 2.39323320e+0 2.56004749e+0 2.55302657e+0 2.51934743e+0 2.54937315e+0 2.49714058e+0 2.50249341e+0 2.55083474e+0 2.59190583e+0 2.56804446e+0 2.41402156e+0 2.49356227e+0 2.48523240e+0 2.53186248e+0 2.53673369e+0 2.57134031e+0 
2.48788071e+0 2.52767452e+0 2.52797134e+0 2.54375426e+0 2.50156062e+0 2.55189424e+0 2.22258018e+0 2.46972219e+0 2.50453487e+0 2.54872940e+0 2.50156614e+0 2.46097408e+0 2.50890481e+0 2.51929932e+0 2.39323320e+0 2.51222343e+0 2.55302657e+0 2.51934743e+0 2.54937315e+0 2.49714058e+0 2.50249341e+0 2.52413246e+0 2.56323012e+0 2.52701978e+0 2.41402156e+0 2.49356227e+0 2.48523240e+0 2.50779806e+0 2.53673369e+0 2.51389033e+0 
2.48788071e+0 2.52767452e+0 2.52797134e+0 2.54375426e+0 2.50156062e+0 2.55189424e+0 2.22258018e+0 2.46972219e+0 2.50453487e+0 2.54872940e+0 2.50156614e+0 2.46097408e+0 2.50890481e+0 2.25062155e+0 2.39323320e+0 2.51222343e+0 2.55302657e+0 2.51934743e+0 2.54937315e+0 2.49714058e+0 2.50249341e+0 2.52413246e+0 2.56323012e+0 2.52701978e+0 2.41402156e+0 2.49356227e+0 2.48523240e+0 2.50779806e+0 2.53673369e+0 2.51389033e+0 
2.05990184e+0 2.12089755e+0 2.12983868e+0 2.12640769e+0 2.12274293e+0 2.13732843e+0 2.22258018e+0 2.15713860e+0 2.09789538e+0 2.05925872e+0 2.10499735e+0 2.10585545e+0 2.14503437e+0 2.12805336e+0 2.09886828e+0 2.18507449e+0 2.04513292e+0 2.16000176e+0 2.18000362e+0 2.04862848e+0 2.08267493e+0 2.06788158e+0 2.05272700e+0 2.24662976e+0 2.19566964e+0 2.15392699e+0 2.18173564e+0 2.16008259e+0 2.13296847e+0 2.29983473e+0 
1000000 1000000 1000000 1000000 1000000 1000000 1000000 1000000 1000000 1000000 1000000 1000000 1000000 1000000 1000000 1000000 1000000 1000000 1000000 1000000 1000000 1000000 1000000 1000000 1000000 1000000 1000000 1000000 1000000 1000000 
