1.49106409e+0 7.99007137e+0 6.48742988e+0 1.10439501e+0 1.20664147e+0 9.22453985e+0 1.53414254e+0 1.12524064e+0 1.24424239e+0 1.24911932e+0 1.41351609e+0 1.12589865e+0 1.36579819e+0 1.08396266e+0 1.35145535e+0 1.39695621e+0 9.53390231e+0 8.72859279e+0 1.41241476e+0 1.03587416e+0 1.39091849e+0 1.25419510e+0 1.28785689e+0 1.45320914e+0 1.46919416e+0 8.90635255e+0 1.13620775e+0 1.39198932e+0 1.04702663e+0 1.21548150e+0 
8.16711121e+0 7.99007137e+0 6.48742988e+0 7.99193897e+0 1.01915287e+0 9.22453985e+0 1.09549081e+0 7.29580640e+0 1.22717071e+0 7.58883038e+0 5.68664021e+0 1.12589865e+0 1.36579819e+0 6.11927266e+0 1.35145535e+0 1.01416331e+0 9.53390231e+0 8.72859279e+0 1.05888943e+0 9.16399393e+0 8.78686259e+0 9.86271661e+0 8.92874840e+0 9.17269943e+0 1.37165950e+0 5.85735886e+0 1.00704223e+0 1.15336717e+0 4.89779442e+0 1.21548150e+0 
8.16711121e+0 7.98593168e+0 6.48742988e+0 7.99193897e+0 9.42825183e+0 7.91590687e+0 1.09549081e+0 7.29580640e+0 7.41153346e+0 5.84052689e+0 5.68664021e+0 1.05711028e+0 7.31284056e+0 6.11927266e+0 9.51152413e+0 7.18628959e+0 8.61055824e+0 8.72859279e+0 9.44381918e+0 8.70085043e+0 7.52238393e+0 9.86271661e+0 8.92874840e+0 9.17269943e+0 7.92994988e+0 5.85735886e+0 9.00172962e+0 8.56738081e+0 4.89779442e+0 9.06732163e+0 
8.16711121e+0 7.98593168e+0 6.48742988e+0 7.99193897e+0 8.26979741e+0 7.91590687e+0 9.87260977e+0 7.29580640e+0 7.41153346e+0 5.84052689e+0 5.68664021e+0 8.90408326e+0 7.31284056e+0 6.11927266e+0 9.51152413e+0 7.18628959e+0 8.61055824e+0 8.72859279e+0 8.78561477e+0 8.18745798e+0 7.52238393e+0 9.86271661e+0 8.80002776e+0 9.17269943e+0 7.92994988e+0 5.85735886e+0 8.16329211e+0 8.56738081e+0 4.89779442e+0 9.06732163e+0 
6.59335981e+0 6.94113268e+0 6.48742988e+0 5.08646032e+0 6.59454254e+0 7.50111990e+0 7.14165786e+0 6.10750708e+0 5.08077708e+0 5.84052689e+0 5.68664021e+0 8.44348267e+0 7.31284056e+0 6.11927266e+0 6.58063202e+0 5.92108645e+0 6.12301103e+0 7.11343176e+0 6.30813354e+0 6.36257282e+0 7.52238393e+0 9.06804912e+0 8.28940563e+0 5.36471080e+0 7.92994988e+0 5.85735886e+0 6.73649855e+0 7.78222231e+0 4.89779442e+0 9.06732163e+0 
5.54245214e+0 4.85212481e+0 5.00918422e+0 5.08646032e+0 6.59454254e+0 6.95781163e+0 7.14165786e+0 4.46401902e+0 3.89451527e+0 5.84052689e+0 5.16120031e+0 6.21420610e+0 7.05140811e+0 6.11927266e+0 6.58063202e+0 4.65007357e+0 6.12301103e+0 7.00286014e+0 5.67878796e+0 6.36257282e+0 6.08218510e+0 6.89781391e+0 7.07931742e+0 5.36471080e+0 6.81675398e+0 4.74442112e+0 4.83854406e+0 7.78222231e+0 4.89779442e+0 7.90639522e+0 
5.54245214e+0 4.72635969e+0 5.00918422e+0 5.08646032e+0 6.59454254e+0 5.38108991e+0 6.88535073e+0 4.46401902e+0 3.89451527e+0 5.84052689e+0 2.49790741e+0 6.21420610e+0 6.59209500e+0 5.57909494e+0 5.35067583e+0 4.65007357e+0 6.09500757e+0 6.10701343e+0 4.40986277e+0 5.64512339e+0 5.59189497e+0 5.61957633e+0 5.67828136e+0 5.36471080e+0 5.09868331e+0 4.35062213e+0 4.83854406e+0 6.73920531e+0 4.89779442e+0 6.23836270e+0 
5.54245214e+0 2.77176308e+0 5.00918422e+0 4.33934681e+0 4.10347915e+0 3.14532901e+0 4.41503020e+0 3.73755288e+0 3.26127101e+0 4.32759275e+0 2.49790741e+0 3.91388327e+0 5.32207847e+0 4.57220336e+0 5.35067583e+0 3.97337064e+0 4.27123228e+0 3.03890956e+0 4.39139768e+0 4.71393253e+0 3.02012652e+0 3.69086895e+0 4.61718640e+0 4.57872750e+0 4.00793737e+0 3.03264734e+0 3.22579419e+0 2.67491246e+0 3.91913902e+0 4.93100854e+0 
4.25645467e+0 2.28568434e+0 3.33545994e+0 3.42422465e+0 2.94040623e+0 1.71049550e+0 3.03470608e+0 3.73755288e+0 2.78426479e+0 4.06712456e+0 2.49790741e+0 3.30580607e+0 2.84041943e+0 3.90752425e+0 4.43530577e+0 3.68768105e+0 2.57387932e+0 3.03890956e+0 2.92586366e+0 4.19750886e+0 2.63605223e+0 3.32435135e+0 4.17550984e+0 2.13136308e+0 2.55907469e+0 2.58328204e+0 2.56274664e+0 2.60478594e+0 3.09940902e+0 3.30294836e+0 
2.69553222e+0 2.01686748e+0 1.93385445e+0 2.28082861e+0 1.53671504e+0 8.16711639e+0 1.96658050e+0 2.28087231e+0 1.81060734e+0 1.88223623e+0 8.26976927e+0 1.62124751e+0 1.99148389e+0 2.08236977e+0 1.93897899e+0 2.48453735e+0 1.51441394e+0 2.40931271e+0 1.51227971e+0 1.68181311e+0 1.67156066e+0 1.83898187e+0 1.85986505e+0 1.11777417e+0 2.55562421e+0 1.95282337e+0 1.95073233e+0 1.66012871e+0 1.92234147e+0 1.10511443e+0 
1.41738863e+0 5.97140730e+0 9.17296831e+0 8.61020153e+0 1.01513955e+0 7.68804398e+0 1.06650101e+0 1.11744588e+0 1.05483051e+0 5.49346786e+0 5.79214130e+0 3.93717034e+0 7.79222322e+0 1.77680635e+0 8.81864781e+0 7.26751050e+0 9.42984644e+0 7.59627410e+0 4.26797188e+0 9.71369776e+0 5.11210280e+0 9.71516099e+0 5.60324821e+0 7.80681272e+0 1.15047825e+0 6.98418215e+0 8.93602118e+0 1.10866464e+0 7.61451948e+0 5.49591054e+0 
3.79410618e+0 2.71467582e+0 4.02681826e+0 2.85802534e+0 2.54164420e+0 2.34687913e+0 2.87552575e+0 2.83027074e+0 3.29792726e+0 2.20031609e+0 9.92412101e+0 1.37006983e+0 1.57189144e+0 3.33809077e+0 1.78063223e+0 1.19991314e+0 1.14918916e+0 2.42538585e+0 1.66512045e+0 4.53567093e+0 1.38534038e+0 3.47670883e+0 1.29682630e+0 2.03008426e+0 5.41374864e+0 2.67706995e+0 2.70965732e+0 2.08209487e+0 1.53091457e+0 4.52827636e+0 
1.89230437e+0 4.26058845e+0 4.14312033e+0 1.77161943e+0 5.50371706e+0 3.57678005e+0 1.00128910e+0 2.98488128e+0 5.12968192e+0 5.03131922e+0 1.45569358e+0 2.87398541e+0 4.74658477e+0 1.34206242e+0 6.01303479e+0 3.77570602e+0 7.32177878e-0 1.45971820e+0 1.09639447e+0 6.28683011e+0 5.43125440e-0 2.31916323e+0 2.09039312e+0 1.49949982e+0 2.12726974e+0 3.27605005e+0 4.75350016e+0 4.79878984e+0 8.30908696e-0 7.79723683e+0 
3.81115270e-0 7.92260695e-0 3.31487480e-0 6.37100925e-0 2.49328894e-0 1.79056624e-0 1.12846209e-0 2.54268322e-0 2.39792158e-0 1.17459763e-0 4.14795132e-0 2.57688134e-0 1.22741242e-0 8.97731310e-0 3.60286842e-0 1.81514533e-0 2.24630252e-0 8.97749433e-0 5.74077285e-0 9.08689641e-0 1.12685734e-0 2.95258810e-0 1.34541672e-0 2.39571679e-0 1.07194182e-0 8.95283644e-0 8.95537014e-0 7.11552986e-0 1.25234317e-0 3.73142529e-0 
9.99773420e-0 9.78468506e-0 9.99011718e-0 9.33266620e-0 8.00800482e-0 1.79056508e-0 1.59792535e-0 1.83849806e-0 9.93168214e-0 9.86437954e-0 9.35870048e-0 9.90905846e-0 9.91394700e-0 8.95282547e-0 9.97738425e-0 1.35579512e-0 1.00905027e-0 8.95282593e-0 1.00333182e-0 8.95282593e-0 9.89882665e-0 9.99978056e-0 9.80014647e-0 9.61688329e-0 9.88302418e-0 1.26522370e-0 5.42533828e-0 4.48009746e-0 9.82186066e-0 9.46999990e-0 
9.99773420e-0 9.78468506e-0 9.99011718e-0 9.33266620e-0 9.77217951e-0 1.79056508e-0 1.59792535e-0 1.83849806e-0 9.93168214e-0 9.86437954e-0 9.35870048e-0 9.90905846e-0 9.91394700e-0 8.95282547e-0 9.97738425e-0 1.35579512e-0 1.00905027e-0 8.95282593e-0 1.00333182e-0 9.93259164e-0 9.89882665e-0 9.99978056e-0 9.80014647e-0 9.61688329e-0 9.88302418e-0 9.96874405e-0 9.32448074e-0 9.80139703e-0 9.82186066e-0 9.46999990e-0 
448431 462964 472996 386623 729326 1000000 1000000 1000000 450863 334815 449124 436770 437013 1000000 449633 1000000 1000000 1000000 1000000 875323 391704 453794 434903 443270 345582 729770 706852 650518 432304 418831 
