9.74273545e+0 7.05868825e+0 1.29071603e+0 2.35139487e+0 8.33119676e+0 1.56889385e+0 2.10750890e+0 1.48644701e+0 1.47955035e+0 1.31493601e+0 1.63611586e+0 1.77652883e+0 1.97540245e+0 1.63230255e+0 1.82360517e+0 6.61718212e+0 1.26687548e+0 1.40727787e+0 1.19551213e+0 1.12029879e+0 1.35512262e+0 1.17818519e+0 1.75311736e+0 1.93030809e+0 1.64142548e+0 1.72564316e+0 1.34957846e+0 1.37351704e+0 9.86804706e+0 1.21588010e+0 
9.45911713e+0 6.25443562e+0 9.31517186e+0 1.04987146e+0 6.47168316e+0 9.50356175e+0 1.15081638e+0 1.48644701e+0 1.28802691e+0 1.31493601e+0 1.28643418e+0 1.42621788e+0 1.17415806e+0 1.26877517e+0 1.69180783e+0 5.26788570e+0 1.22675149e+0 6.49444006e+0 8.62218005e+0 9.63181741e+0 1.35512262e+0 9.34552419e+0 1.26418345e+0 1.09052955e+0 1.33188597e+0 1.41419703e+0 7.36864179e+0 1.27309673e+0 8.58823825e+0 9.64710655e+0 
9.45911713e+0 6.25443562e+0 8.47700840e+0 1.04987146e+0 6.47168316e+0 9.50356175e+0 1.14146292e+0 1.48644701e+0 1.28802691e+0 1.31493601e+0 1.17965412e+0 1.20274535e+0 7.93745620e+0 1.26877517e+0 1.37164342e+0 5.26788570e+0 6.25418138e+0 6.49444006e+0 8.62218005e+0 9.63181741e+0 1.35512262e+0 9.34552419e+0 1.26418345e+0 1.09052955e+0 1.33188597e+0 1.41419703e+0 7.36864179e+0 1.27309673e+0 8.58823825e+0 9.64710655e+0 
9.45911713e+0 6.25443562e+0 8.47700840e+0 1.04987146e+0 6.47168316e+0 9.50356175e+0 7.53788214e+0 9.16710771e+0 9.72011260e+0 1.27738799e+0 1.17965412e+0 1.20274535e+0 7.93745620e+0 1.26877517e+0 1.37164342e+0 5.26788570e+0 6.25418138e+0 6.49444006e+0 8.62218005e+0 9.63181741e+0 1.35512262e+0 9.34552419e+0 1.26418345e+0 1.09052955e+0 1.33188597e+0 1.41419703e+0 7.36864179e+0 1.27309673e+0 8.58823825e+0 9.64710655e+0 
7.25892056e+0 4.35358928e+0 8.41108111e+0 7.70580502e+0 4.81435286e+0 7.34458817e+0 7.53788214e+0 8.49247181e+0 7.45772126e+0 6.90367241e+0 7.43312210e+0 6.77344614e+0 7.93745620e+0 1.04678422e+0 9.27193951e+0 4.41452272e+0 4.67355013e+0 6.17505724e+0 8.62218005e+0 7.60220815e+0 1.03182872e+0 7.35637839e+0 1.04928591e+0 9.19379842e+0 9.86471752e+0 8.05522326e+0 6.37466951e+0 7.96578634e+0 8.11997209e+0 6.41287382e+0 
7.25892056e+0 4.35358928e+0 6.59214910e+0 6.70589486e+0 4.81435286e+0 5.57062172e+0 6.34735666e+0 5.55726423e+0 6.56815072e+0 6.84755366e+0 5.95261141e+0 5.75424159e+0 7.52046921e+0 8.39295063e+0 8.16990364e+0 4.41452272e+0 4.67355013e+0 5.58102881e+0 8.62218005e+0 7.60220815e+0 5.87046487e+0 7.35637839e+0 6.35637817e+0 8.67798281e+0 8.39423636e+0 8.05522326e+0 6.37466951e+0 5.58038631e+0 7.05958144e+0 6.41287382e+0 
7.25892056e+0 4.35358928e+0 5.60798755e+0 6.58708421e+0 4.81435286e+0 5.57062172e+0 5.52609477e+0 5.20708233e+0 4.36252210e+0 5.93151808e+0 5.95261141e+0 5.14644834e+0 5.16447489e+0 6.36640142e+0 6.67384907e+0 4.41452272e+0 3.96993791e+0 5.58102881e+0 4.74980489e+0 6.19862975e+0 5.30921820e+0 5.91615121e+0 5.43941646e+0 6.57401577e+0 6.44173240e+0 7.20005593e+0 4.52827253e+0 5.58038631e+0 5.67576755e+0 4.16887860e+0 
4.63913093e+0 3.50526931e+0 3.64136087e+0 4.58049308e+0 4.03623977e+0 4.09133220e+0 3.87892632e+0 4.42027874e+0 4.10268944e+0 4.29061893e+0 4.11943707e+0 3.66821166e+0 3.49211000e+0 3.56939622e+0 3.95725116e+0 3.74535151e+0 3.77679305e+0 4.75283297e+0 4.74980489e+0 4.50661036e+0 4.17632265e+0 4.07028994e+0 3.36256018e+0 4.09925255e+0 5.17465781e+0 4.59588952e+0 3.59576355e+0 3.77645239e+0 4.39663096e+0 3.37836379e+0 
2.81091313e+0 2.84362245e+0 2.64459675e+0 2.49158942e+0 2.73100442e+0 3.02696170e+0 2.78952755e+0 2.79355768e+0 2.84107486e+0 2.67575132e+0 2.68819050e+0 2.51369275e+0 2.45624880e+0 2.42548788e+0 3.00660117e+0 2.70407396e+0 2.83168883e+0 2.90086245e+0 2.79899260e+0 2.84054318e+0 2.74960476e+0 2.91643196e+0 2.50955325e+0 2.71529976e+0 2.92872553e+0 2.67381173e+0 2.45686537e+0 3.03338810e+0 2.71727628e+0 2.51391487e+0 
2.09540194e+0 2.03307887e+0 1.98970818e+0 2.01896753e+0 2.09204133e+0 2.11186753e+0 2.15426210e+0 2.05888709e+0 2.13336852e+0 2.14732936e+0 2.08051459e+0 2.01811494e+0 2.06840102e+0 2.00628619e+0 2.05751076e+0 2.05015090e+0 2.15109083e+0 2.06226366e+0 2.04036066e+0 2.09991267e+0 2.12111042e+0 2.12323640e+0 2.08047738e+0 2.07015197e+0 2.17914762e+0 2.04137798e+0 2.00091167e+0 2.15917513e+0 2.09134800e+0 1.97835690e+0 
1.87951246e+0 1.86051509e+0 1.85072538e+0 1.85846404e+0 1.85549855e+0 1.87069101e+0 1.86569985e+0 1.85830719e+0 1.86268782e+0 1.85714978e+0 1.85869837e+0 1.85229318e+0 1.86155050e+0 1.83618195e+0 1.86665535e+0 1.86074377e+0 1.87549777e+0 1.84270927e+0 1.84478912e+0 1.86162338e+0 1.86221805e+0 1.85044205e+0 1.84878222e+0 1.85827476e+0 1.85765668e+0 1.87129364e+0 1.85113599e+0 1.85558733e+0 1.85397166e+0 1.83934207e+0 
1.81356538e+0 1.81879218e+0 1.81581947e+0 1.81267939e+0 1.81317369e+0 1.81723646e+0 1.81200876e+0 1.81384697e+0 1.81589693e+0 1.81708883e+0 1.81639245e+0 1.81561002e+0 1.81124940e+0 1.81774625e+0 1.81530105e+0 1.81368169e+0 1.81464333e+0 1.81188698e+0 1.81223936e+0 1.81742753e+0 1.81697573e+0 1.81313533e+0 1.81473561e+0 1.81269060e+0 1.81023975e+0 1.81522546e+0 1.81388557e+0 1.82106555e+0 1.81699209e+0 1.81504666e+0 
1.80805136e+0 1.80814356e+0 1.80807585e+0 1.80787089e+0 1.80795962e+0 1.80810170e+0 1.80792916e+0 1.80809374e+0 1.80794521e+0 1.80803818e+0 1.80792421e+0 1.80804605e+0 1.80787480e+0 1.80804575e+0 1.80796706e+0 1.80795196e+0 1.80786716e+0 1.80802788e+0 1.80803051e+0 1.80825554e+0 1.80833874e+0 1.80788349e+0 1.80808954e+0 1.80796618e+0 1.80784335e+0 1.80837744e+0 1.80805597e+0 1.80831475e+0 1.80814127e+0 1.80812403e+0 
1.80781274e+0 1.80781289e+0 1.80781285e+0 1.80781275e+0 1.80781278e+0 1.80781277e+0 1.80781273e+0 1.80781278e+0 1.80781279e+0 1.80781300e+0 1.80781272e+0 1.80781274e+0 1.80781272e+0 1.80781288e+0 1.80781281e+0 1.80781273e+0 1.80781273e+0 1.80781277e+0 1.80781291e+0 1.80781275e+0 1.80781283e+0 1.80781275e+0 1.80781287e+0 1.80781274e+0 1.80781272e+0 1.80781303e+0 1.80781275e+0 1.80781279e+0 1.80781287e+0 1.80781287e+0 
1.80781272e+0 1.80781272e+0 1.80781272e+0 1.80781272e+0 1.80781272e+0 1.80781272e+0 1.80781272e+0 1.80781272e+0 1.80781272e+0 1.80781272e+0 1.80781272e+0 1.80781272e+0 1.80781272e+0 1.80781272e+0 1.80781272e+0 1.80781272e+0 1.80781272e+0 1.80781272e+0 1.80781272e+0 1.80781272e+0 1.80781272e+0 1.80781272e+0 1.80781272e+0 1.80781272e+0 1.80781272e+0 1.80781272e+0 1.80781272e+0 1.80781272e+0 1.80781272e+0 1.80781272e+0 
1.80781272e+0 1.80781272e+0 1.80781272e+0 1.80781272e+0 1.80781272e+0 1.80781272e+0 1.80781272e+0 1.80781272e+0 1.80781272e+0 1.80781272e+0 1.80781272e+0 1.80781272e+0 1.80781272e+0 1.80781272e+0 1.80781272e+0 1.80781272e+0 1.80781272e+0 1.80781272e+0 1.80781272e+0 1.80781272e+0 1.80781272e+0 1.80781272e+0 1.80781272e+0 1.80781272e+0 1.80781272e+0 1.80781272e+0 1.80781272e+0 1.80781272e+0 1.80781272e+0 1.80781272e+0 
1000000 1000000 1000000 1000000 1000000 1000000 1000000 1000000 1000000 1000000 1000000 1000000 1000000 1000000 1000000 1000000 1000000 1000000 1000000 1000000 1000000 1000000 1000000 1000000 1000000 1000000 1000000 1000000 1000000 1000000 
