4.24168859e+0 2.53690629e+0 4.31260982e+0 2.99693111e+0 3.90403447e+0 4.76527209e+0 4.61081896e+0 5.06646458e+0 2.04707095e+0 5.28015118e+0 4.37211525e+0 2.38741425e+0 3.17536145e+0 4.45672747e+0 3.43120290e+0 3.42194395e+0 3.94933605e+0 4.66325141e+0 3.80494630e+0 3.76720183e+0 2.33467869e+0 2.15662163e+0 4.05738689e+0 2.82879285e+0 2.29424831e+0 5.63304762e+0 4.91082209e+0 1.64424487e+0 3.40083248e+0 5.06623830e+0 
1.39401650e+0 1.80209255e+0 3.00542637e+0 2.99693111e+0 1.47447491e+0 2.30847366e+0 4.61081896e+0 1.92510324e+0 2.04707095e+0 3.42719900e+0 4.37211525e+0 2.12065592e+0 3.17536145e+0 3.44283699e+0 1.10623122e+0 2.87338539e+0 2.73263782e+0 2.07009026e+0 2.04423591e+0 2.76851524e+0 2.33467869e+0 2.15662163e+0 4.05738689e+0 2.39321161e+0 1.71027123e+0 3.03601632e+0 2.37273083e+0 1.64424487e+0 3.40083248e+0 3.29777513e+0 
1.39401650e+0 1.80209255e+0 3.00542637e+0 2.92789196e+0 1.47447491e+0 2.30847366e+0 4.61081896e+0 1.39759542e+0 2.04707095e+0 2.85241679e+0 4.37211525e+0 2.12065592e+0 3.17536145e+0 2.72510919e+0 1.10623122e+0 2.87338539e+0 2.73263782e+0 2.07009026e+0 2.04423591e+0 2.76851524e+0 2.33467869e+0 2.15662163e+0 2.52024225e+0 2.04637216e+0 1.71027123e+0 3.03601632e+0 2.21912786e+0 1.64424487e+0 2.24907431e+0 3.29777513e+0 
1.39401650e+0 1.43340336e+0 3.00542637e+0 2.07665767e+0 1.47447491e+0 1.82203692e+0 3.52759443e+0 1.39759542e+0 2.04707095e+0 2.85241679e+0 2.62108897e+0 2.02914661e+0 3.00932678e+0 2.19337710e+0 1.10623122e+0 2.32440093e+0 2.73263782e+0 2.07009026e+0 2.04423591e+0 2.76851524e+0 2.33467869e+0 2.01832050e+0 2.52024225e+0 2.04637216e+0 1.71027123e+0 2.71521599e+0 2.21912786e+0 1.64424487e+0 2.24907431e+0 3.06466452e+0 
1.39401650e+0 1.43340336e+0 3.00542637e+0 1.83506773e+0 1.47447491e+0 1.82203692e+0 3.52759443e+0 1.39759542e+0 2.04707095e+0 2.85241679e+0 2.62108897e+0 2.02914661e+0 3.00932678e+0 2.19337710e+0 1.10623122e+0 2.29283833e+0 2.58012236e+0 2.07009026e+0 2.04423591e+0 5.55155165e+0 2.33467869e+0 1.55246542e+0 2.52024225e+0 1.87190499e+0 1.71027123e+0 2.71521599e+0 2.21912786e+0 1.64424487e+0 2.24907431e+0 1.86925945e+0 
1.39401650e+0 1.43340336e+0 2.81987863e+0 1.83506773e+0 1.12346210e+0 1.82203692e+0 3.52759443e+0 1.39759542e+0 2.04707095e+0 2.32442077e+0 2.42983062e+0 1.44200392e+0 2.84027504e+0 2.19337710e+0 1.10623122e+0 2.24392716e+0 2.58012236e+0 1.79499030e+0 1.55926447e+0 5.55155165e+0 2.30908108e+0 1.55246542e+0 2.15035487e+0 1.79205322e+0 1.53585315e+0 2.35737900e+0 1.27631242e+0 1.64424487e+0 1.96894420e+0 1.86371717e+0 
1.39401650e+0 9.95769597e+0 1.06772520e+0 1.83506773e+0 1.12346210e+0 1.82203692e+0 2.54261293e+0 1.32961857e+0 1.62386334e+0 1.46401887e+0 1.95101199e+0 1.44200392e+0 2.64378396e+0 1.69482420e+0 1.10623122e+0 1.96130200e+0 1.89230558e+0 5.27534462e+0 1.55926447e+0 5.55155165e+0 1.65281563e+0 1.52114528e+0 1.87863684e+0 9.11244935e+0 1.11555933e+0 2.00447568e+0 1.27631242e+0 1.64424487e+0 1.48724070e+0 1.17250249e+0 
1.39401650e+0 9.95769597e+0 1.06772520e+0 1.83506773e+0 1.12346210e+0 1.82203692e+0 1.50850597e+0 1.32961857e+0 7.18176631e+0 1.46401887e+0 1.86688995e+0 1.34906530e+0 4.98588991e+0 1.43329802e+0 1.10623122e+0 8.20384489e+0 1.40324971e+0 5.27534462e+0 6.95725756e+0 5.55155165e+0 1.06480974e+0 1.52114528e+0 1.84923153e+0 9.11244935e+0 1.11555933e+0 1.13052119e+0 1.27631242e+0 1.59402794e+0 1.21677023e+0 1.17250249e+0 
1.39401650e+0 9.95769597e+0 7.72725329e+0 1.19463988e+0 1.12346210e+0 1.60229377e+0 1.00940690e+0 1.32961857e+0 7.18176631e+0 1.41723219e+0 7.84465189e+0 1.34906530e+0 4.98588991e+0 1.31928368e+0 8.99245381e+0 8.20384489e+0 1.02075858e+0 5.27534462e+0 6.95725756e+0 5.55155165e+0 1.06480974e+0 9.68869854e+0 1.84923153e+0 9.11244935e+0 1.08788887e+0 1.00789316e+0 1.23760087e+0 1.51447760e+0 1.17313368e+0 8.16876298e+0 
3.49224045e+0 9.95769597e+0 7.61275162e+0 8.50695548e+0 6.84013468e+0 1.60229377e+0 1.00940690e+0 1.12269434e+0 7.18176631e+0 1.40867009e+0 7.84465189e+0 9.92342578e+0 4.98588991e+0 1.22371247e+0 5.16221676e+0 8.20384489e+0 1.02075858e+0 5.27534462e+0 6.72574510e+0 5.55155165e+0 6.94228985e+0 9.68869854e+0 1.23651959e+0 9.11244935e+0 1.08788887e+0 1.00789316e+0 1.21100829e+0 1.34177302e+0 1.15706699e+0 8.16876298e+0 
3.47687465e+0 3.77383071e+0 7.61275162e+0 7.80245819e+0 6.18329801e+0 1.60229377e+0 1.00940690e+0 1.11356732e+0 7.00084654e+0 1.39987775e+0 4.91005394e+0 3.38113095e+0 4.98588991e+0 1.22371247e+0 3.94934491e+0 7.33124165e+0 1.02075858e+0 3.49639011e+0 6.72574510e+0 5.55155165e+0 4.50826392e+0 5.22420340e+0 9.18688510e+0 9.11244935e+0 1.07573259e+0 4.84819798e+0 8.53074886e+0 1.03148833e+0 1.07160543e+0 8.16876298e+0 
3.47687465e+0 3.47727921e+0 7.61275162e+0 5.09842919e+0 5.00909594e+0 1.24712925e+0 6.61195277e+0 8.08401717e+0 5.24043571e+0 4.91759069e+0 4.76136249e+0 3.38113095e+0 4.89935806e+0 2.66257553e+0 2.26078074e+0 5.62513579e+0 5.16724744e+0 3.49639011e+0 3.83734248e+0 5.04723354e+0 4.10019493e+0 5.22420340e+0 7.39811991e+0 5.50440023e+0 6.95258916e+0 4.84819798e+0 5.62948686e+0 6.75189271e+0 6.66696811e+0 1.92763914e+0 
3.17174718e+0 2.87677494e+0 2.37365090e+0 2.21903383e+0 2.50654334e+0 3.55455096e+0 2.48611174e+0 4.23339092e+0 8.04771120e+0 5.44658270e+0 2.49686590e+0 1.94887678e+0 2.00351991e+0 1.23141686e+0 1.73672356e+0 2.15446991e+0 3.17796427e+0 2.01947896e+0 1.41360127e+0 2.95536099e+0 3.08011626e+0 2.08516368e+0 1.95992136e+0 2.32028161e+0 3.66822784e+0 3.37164097e+0 1.45676701e+0 2.21485523e+0 4.61195780e+0 4.19377438e+0 
4.34348669e+0 4.19570473e+0 2.83212836e+0 1.22384305e+0 1.36735339e+0 3.92080212e+0 3.56384905e+0 1.99787806e+0 1.68518646e+0 3.99250497e+0 5.37778265e+0 4.75574686e+0 1.40802136e+0 2.38711109e+0 1.42702188e+0 1.31016527e+0 6.95586330e+0 4.22860342e+0 8.21349485e+0 3.77914559e+0 3.19168330e+0 4.70040624e+0 2.95203041e+0 1.04165790e+0 2.60913425e+0 3.73170193e+0 1.87613159e+0 3.63124166e+0 2.20571095e+0 4.36851639e+0 
8.77273260e-0 4.96313230e-0 8.88785874e-0 1.02925940e-0 4.18221212e-0 2.78550269e-0 5.68290829e-0 3.56657331e-0 1.51131211e-0 1.54598682e-0 2.35538382e-0 4.56520675e-0 3.65250267e-0 5.20432675e-0 5.67605333e-0 8.22302434e-0 3.07473989e-0 2.73699093e-0 9.57564987e-0 8.58450404e-0 1.02410428e-0 1.60498001e-0 6.90201812e-0 6.17674071e-0 1.45615682e-0 2.41055697e-0 8.34977046e-0 7.89237381e-0 3.33714022e-0 4.89175111e-0 
9.96004701e-0 9.17970056e-0 9.85068027e-0 9.81765425e-0 7.64379138e-0 9.62711511e-0 9.95868277e-0 9.32652711e-0 9.84152848e-0 9.98886662e-0 1.40045699e-0 8.33193781e-0 9.49654577e-0 9.21033916e-0 9.10733888e-0 8.34893399e-0 9.14485554e-0 9.84618964e-0 9.68907443e-0 9.82333859e-0 9.58027613e-0 9.84107373e-0 8.61876970e-0 8.37297875e-0 9.06567266e-0 9.52894652e-0 9.39678557e-0 9.35489197e-0 9.83533255e-0 9.84590542e-0 
186823 167533 165074 158134 161087 178824 171072 167612 179445 170484 200000 185504 171647 168446 163274 177940 175923 187565 186587 189028 192714 170370 191766 180860 169230 179651 158604 180173 179119 170679 
