2.86127941e+02 2.80801205e+02 2.80667902e+02 2.99446143e+02 3.00003386e+02 2.82538734e+02 2.34864579e+02 2.79032708e+02 3.09433030e+02 3.01231277e+02 3.05921611e+02 2.15982853e+02 2.94137550e+02 3.03126988e+02 2.89643734e+02 2.74390264e+02 2.51985642e+02 3.23924373e+02 3.16706129e+02 2.46915074e+02 3.28001610e+02 2.86316580e+02 3.11422548e+02 3.00566979e+02 2.65260666e+02 2.87957996e+02 2.84969430e+02 2.77786493e+02 3.05290522e+02 3.46666359e+02 
2.76681828e+02 2.66295740e+02 2.61321977e+02 2.56371065e+02 2.46620025e+02 2.82538734e+02 2.32989903e+02 2.71810575e+02 2.75460371e+02 2.49508626e+02 2.21388704e+02 2.15982853e+02 2.94137550e+02 2.65942409e+02 2.69660129e+02 2.60351553e+02 2.49645455e+02 2.92755688e+02 3.05700600e+02 2.42953742e+02 3.04768092e+02 2.10653641e+02 2.74451929e+02 2.91446580e+02 2.33092529e+02 2.59200829e+02 2.73580869e+02 2.77786493e+02 2.40557985e+02 2.44424923e+02 
2.58863228e+02 2.66295740e+02 2.07485205e+02 2.30088157e+02 2.46620025e+02 2.79793955e+02 2.32989903e+02 2.71810575e+02 2.75460371e+02 2.49508626e+02 2.21388704e+02 2.15982853e+02 2.90178510e+02 2.65942409e+02 2.69660129e+02 2.60351553e+02 2.49645455e+02 2.48009538e+02 2.82004488e+02 2.42953742e+02 2.74316076e+02 2.10653641e+02 2.74451929e+02 2.57318721e+02 2.22212591e+02 2.25804342e+02 2.32721271e+02 2.73334181e+02 2.40557985e+02 2.44424923e+02 
2.58863228e+02 2.66295740e+02 2.07485205e+02 2.30088157e+02 2.46620025e+02 2.79793955e+02 2.32989903e+02 2.67260307e+02 2.65269401e+02 2.49508626e+02 2.21388704e+02 2.15982853e+02 2.89202462e+02 2.65942409e+02 2.69660129e+02 2.60351553e+02 2.49645455e+02 2.48009538e+02 2.48274288e+02 2.42953742e+02 2.74316076e+02 2.10653641e+02 2.74451929e+02 2.57318721e+02 2.22212591e+02 2.25804342e+02 2.32721271e+02 2.59589040e+02 2.40557985e+02 2.44424923e+02 
2.30469394e+02 2.50844801e+02 2.07485205e+02 2.30088157e+02 2.44792218e+02 2.38770823e+02 2.32989903e+02 2.13789513e+02 2.43227979e+02 2.28584897e+02 2.21388704e+02 2.06012067e+02 2.38268993e+02 2.33878908e+02 2.42260060e+02 2.21510812e+02 2.39999218e+02 2.48009538e+02 2.48274288e+02 2.42953742e+02 2.55639054e+02 2.01112682e+02 2.41532170e+02 2.48848752e+02 2.21891497e+02 2.18973573e+02 2.32721271e+02 2.44930940e+02 2.24768522e+02 2.41604102e+02 
2.01618456e+02 2.15259452e+02 2.00274068e+02 2.27460293e+02 2.44792218e+02 2.29067639e+02 2.25126653e+02 2.13789513e+02 1.91555939e+02 2.28584897e+02 2.21388704e+02 2.06012067e+02 2.29890597e+02 2.33878908e+02 2.42260060e+02 1.83755987e+02 2.04711145e+02 2.34632849e+02 2.38754237e+02 2.35915325e+02 2.44014196e+02 1.71630494e+02 2.41532170e+02 2.27909189e+02 2.11552080e+02 2.08947937e+02 2.23668082e+02 2.40395400e+02 2.24768522e+02 2.15142101e+02 
2.01618456e+02 2.15259452e+02 2.00274068e+02 1.83498439e+02 2.25725425e+02 1.98432210e+02 2.12717670e+02 2.13789513e+02 1.91555939e+02 2.28584897e+02 1.94414034e+02 2.06012067e+02 2.29890597e+02 2.33144264e+02 2.39006248e+02 1.83755987e+02 2.04711145e+02 2.24013842e+02 2.38754237e+02 2.22143752e+02 2.21191155e+02 1.71630494e+02 2.15851769e+02 2.09737584e+02 2.11552080e+02 2.08947937e+02 2.03950359e+02 2.06036176e+02 2.24768522e+02 2.15142101e+02 
1.72380099e+02 2.02191221e+02 1.94312001e+02 1.69733675e+02 1.85935721e+02 1.81714875e+02 1.70205970e+02 1.88515706e+02 1.77432396e+02 1.77656123e+02 1.76216633e+02 1.67319105e+02 1.96180310e+02 1.92807483e+02 2.00068236e+02 1.60260914e+02 1.64557679e+02 1.81486112e+02 2.04992285e+02 1.95320230e+02 2.08855955e+02 1.67807521e+02 2.01801712e+02 2.02587324e+02 1.92907223e+02 1.84415971e+02 1.65542079e+02 2.01898505e+02 1.89432029e+02 1.95160257e+02 
1.41013283e+02 1.68256060e+02 1.59958912e+02 1.44994587e+02 1.64354759e+02 1.71554526e+02 1.70205970e+02 1.40732606e+02 1.46668537e+02 1.72447943e+02 1.35053613e+02 1.57012763e+02 1.65062126e+02 1.73211768e+02 1.65290562e+02 1.25052174e+02 1.64557679e+02 1.43980865e+02 1.74899719e+02 1.57276941e+02 1.53072860e+02 1.37949954e+02 1.77655015e+02 1.59366962e+02 1.71048057e+02 1.48468919e+02 1.56983845e+02 1.54473632e+02 1.59854082e+02 1.70133273e+02 
1.21105182e+02 1.27636391e+02 1.25957575e+02 1.24113055e+02 1.46495920e+02 1.43945076e+02 1.42356756e+02 1.10990912e+02 1.46668537e+02 1.43827488e+02 1.13995901e+02 1.17740418e+02 1.44224771e+02 1.37316585e+02 1.51748313e+02 1.17702920e+02 1.27316296e+02 1.33212027e+02 1.21576454e+02 1.43076098e+02 1.39332772e+02 1.36528446e+02 1.54433618e+02 1.49005572e+02 1.36922821e+02 1.38479562e+02 1.38219889e+02 1.36088445e+02 1.41320754e+02 1.36491628e+02 
9.20920739e+01 1.18424951e+02 1.16426252e+02 1.10909674e+02 1.05862009e+02 1.12242098e+02 1.28222986e+02 1.03537444e+02 1.07080308e+02 1.09173217e+02 9.63538175e+01 1.13784627e+02 1.17458227e+02 1.02290674e+02 1.06430646e+02 1.02225667e+02 1.12235812e+02 9.81473889e+01 1.10143681e+02 8.98713259e+01 1.16819873e+02 1.10518699e+02 1.31290512e+02 1.32283899e+02 1.18993284e+02 9.45882991e+01 1.25210796e+02 1.12534935e+02 1.28632013e+02 1.15035052e+02 
6.18706130e+01 7.99505520e+01 9.29498344e+01 8.18965657e+01 1.00069241e+02 1.00274587e+02 1.03370690e+02 9.68492368e+01 9.44767544e+01 1.06294144e+02 8.11669422e+01 8.07476591e+01 1.07692503e+02 8.56337982e+01 1.02305014e+02 8.91340932e+01 9.00906257e+01 9.70071785e+01 8.21670723e+01 8.76742290e+01 9.45411368e+01 8.02883890e+01 8.47136788e+01 1.10000230e+02 9.50846025e+01 8.30657982e+01 8.39831458e+01 9.20897393e+01 1.16551466e+02 1.03480061e+02 
6.18706130e+01 7.94534916e+01 8.40735919e+01 7.65474229e+01 9.62297562e+01 8.97971080e+01 8.38178027e+01 6.79100897e+01 5.83544476e+01 9.32579881e+01 7.37188641e+01 6.13616016e+01 8.68702295e+01 7.59990567e+01 9.34023059e+01 7.83916537e+01 8.20792640e+01 6.47474319e+01 7.38227512e+01 8.58883318e+01 7.15885304e+01 7.26235772e+01 7.24069603e+01 7.57883765e+01 9.50846025e+01 7.62451760e+01 8.39831458e+01 7.73143891e+01 8.46181575e+01 8.77359245e+01 
6.18706130e+01 7.94534916e+01 8.40735919e+01 7.25868315e+01 9.01302982e+01 8.97971080e+01 8.38178027e+01 6.79100897e+01 5.15787639e+01 9.32579881e+01 7.34119252e+01 5.22919242e+01 8.68702295e+01 7.40695271e+01 9.34023059e+01 6.61915563e+01 8.20792640e+01 6.39193153e+01 7.38227512e+01 8.06591635e+01 6.72570954e+01 7.26235772e+01 7.24069603e+01 7.43779766e+01 9.50846025e+01 7.62451760e+01 8.39831458e+01 6.29071977e+01 7.80413997e+01 6.60359845e+01 
6.18706130e+01 7.94534916e+01 2.31708028e+01 7.25868315e+01 3.51880929e+01 3.50075981e+01 8.38178027e+01 6.79100897e+01 5.15787639e+01 9.32579881e+01 1.94215549e+01 5.22919242e+01 5.86250756e+01 7.40695271e+01 9.34023059e+01 6.61915563e+01 4.61409401e+01 2.46114570e+01 7.38227512e+01 5.94516106e+01 6.72570954e+01 7.26235772e+01 7.24069603e+01 7.43779766e+01 9.39732148e+01 7.62451760e+01 8.39831458e+01 5.84130383e+01 3.55052582e+01 6.60359845e+01 
5.57175506e+01 2.98487264e+01 2.28840432e+01 3.18386444e+01 2.08941251e+01 2.48739590e+01 2.68638744e+01 2.08941301e+01 3.38292349e+01 2.48739563e+01 1.79092530e+01 1.89042070e+01 3.28335985e+01 3.58184707e+01 3.97983068e+01 3.18386646e+01 3.58184910e+01 2.18890791e+01 4.37781178e+01 3.08437005e+01 4.57679651e+01 3.58184554e+01 2.38789972e+01 2.48739613e+01 2.88537875e+01 2.38789972e+01 3.18386646e+01 2.88537673e+01 2.68638694e+01 3.48235216e+01 
1000000 1000000 1000000 1000000 1000000 1000000 1000000 1000000 1000000 1000000 1000000 1000000 1000000 1000000 1000000 1000000 1000000 1000000 1000000 1000000 1000000 1000000 1000000 1000000 1000000 1000000 1000000 1000000 1000000 1000000 
