4.81496124e+02 3.55627031e+02 3.28983613e+02 4.46529810e+02 4.62465215e+02 6.34861715e+02 3.93774011e+02 3.83678129e+02 3.52269603e+02 4.70471882e+02 5.32457221e+02 3.77672934e+02 4.39600310e+02 4.80124413e+02 4.33100887e+02 5.23995014e+02 5.00950486e+02 4.95581166e+02 4.50389872e+02 3.26779479e+02 4.81248759e+02 5.64427857e+02 4.57017227e+02 2.81613668e+02 5.14050219e+02 2.91697329e+02 4.58550771e+02 3.84170491e+02 4.75239974e+02 3.35848192e+02 
4.80029472e+02 3.55627031e+02 3.28983613e+02 3.95989855e+02 3.83065717e+02 5.22015494e+02 2.70378158e+02 3.24035261e+02 3.52269603e+02 4.14911084e+02 4.84220819e+02 3.41071499e+02 4.39600310e+02 4.80124413e+02 4.21521342e+02 3.04189927e+02 4.09635753e+02 4.47369280e+02 4.08108452e+02 2.72082261e+02 3.47899952e+02 4.02267132e+02 4.56251405e+02 2.47299414e+02 4.53952374e+02 2.91697329e+02 4.21583586e+02 3.58463823e+02 3.48169248e+02 3.35848192e+02 
4.39682842e+02 3.55627031e+02 3.16469166e+02 3.81604386e+02 3.83065717e+02 4.09164623e+02 2.36977795e+02 3.24035261e+02 3.52269603e+02 4.14911084e+02 4.84220819e+02 3.28368332e+02 3.73123778e+02 4.80124413e+02 4.21521342e+02 3.04189927e+02 3.23666491e+02 4.11420142e+02 4.08108452e+02 2.72082261e+02 3.27062180e+02 4.00767893e+02 4.14619505e+02 2.47299414e+02 4.53952374e+02 2.91697329e+02 2.53762980e+02 3.58463823e+02 3.48169248e+02 3.35848192e+02 
4.05161925e+02 3.55627031e+02 3.16469166e+02 3.81604386e+02 3.83065717e+02 3.09377268e+02 2.36977795e+02 3.24035261e+02 3.52269603e+02 4.14911084e+02 4.43257382e+02 3.28368332e+02 3.73123778e+02 4.32847912e+02 3.22890478e+02 2.71248845e+02 3.23666491e+02 3.99745115e+02 4.08108452e+02 2.72082261e+02 3.27062180e+02 2.43029930e+02 3.93008298e+02 2.47299414e+02 4.53952374e+02 2.91697329e+02 2.53762980e+02 3.58463823e+02 3.48169248e+02 3.35848192e+02 
2.77569154e+02 3.11064616e+02 2.95588381e+02 3.09091744e+02 3.69258676e+02 3.09377268e+02 2.36977795e+02 3.23255908e+02 3.24162666e+02 2.82149584e+02 3.14147338e+02 2.95597592e+02 3.23570138e+02 4.32742586e+02 2.28841466e+02 2.71248845e+02 3.23666491e+02 3.03014981e+02 3.05497317e+02 2.12517973e+02 2.95694312e+02 2.43029930e+02 2.62354052e+02 2.26058757e+02 4.01534746e+02 2.84956664e+02 2.53762980e+02 3.56249443e+02 1.97615087e+02 3.35848192e+02 
2.53305602e+02 2.98199441e+02 2.58379668e+02 3.09091744e+02 2.99684843e+02 3.09377268e+02 1.69537312e+02 2.58391690e+02 2.85565186e+02 2.82149584e+02 2.89925256e+02 2.67082135e+02 3.16319078e+02 2.91849400e+02 2.28841466e+02 2.55206924e+02 2.57158610e+02 3.03014981e+02 2.74546378e+02 2.12517973e+02 2.60733874e+02 2.43029930e+02 2.11551561e+02 2.26058757e+02 2.99037475e+02 2.20761107e+02 2.33011907e+02 3.09669992e+02 1.97615087e+02 3.17480334e+02 
2.05831428e+02 2.87802395e+02 2.51706184e+02 2.17173222e+02 2.95295593e+02 2.68904853e+02 1.47178465e+02 1.78625914e+02 1.47121922e+02 2.56949337e+02 2.43147801e+02 2.43720610e+02 2.99769243e+02 2.14388485e+02 2.23401551e+02 2.54340718e+02 2.53537065e+02 2.62263764e+02 1.49031197e+02 2.03149282e+02 2.27772291e+02 2.43029930e+02 1.96843887e+02 1.57323959e+02 2.03734687e+02 1.68242808e+02 2.03103879e+02 2.65909254e+02 1.84402973e+02 2.80351674e+02 
1.56217064e+02 2.18431742e+02 1.69349605e+02 1.73677328e+02 2.05945946e+02 1.64437644e+02 1.37429270e+02 1.78625914e+02 1.21676406e+02 1.92960733e+02 2.42559301e+02 1.44974810e+02 2.04409522e+02 2.12921124e+02 1.93275503e+02 1.89581357e+02 1.92440275e+02 1.70344325e+02 1.43593269e+02 1.64364818e+02 1.67041607e+02 1.13047089e+02 1.56031537e+02 1.49012753e+02 1.92100500e+02 1.68242808e+02 2.03103879e+02 2.20805195e+02 1.77773833e+02 2.29372547e+02 
1.04082455e+02 1.29615665e+02 9.88610712e+01 1.02853614e+02 9.70872965e+01 9.81563984e+01 1.31113987e+02 1.49554032e+02 8.39346227e+01 9.56800618e+01 1.09134633e+02 1.13728697e+02 1.38100203e+02 1.34072142e+02 1.22278216e+02 1.25251597e+02 9.65791361e+01 1.23409177e+02 1.08058003e+02 1.02051240e+02 1.05486798e+02 9.82004901e+01 6.00353488e+01 1.11187505e+02 1.25737035e+02 1.15890976e+02 9.88627884e+01 9.75878684e+01 1.22567132e+02 1.45571623e+02 
7.99888155e+01 9.16118658e+01 8.14437033e+01 6.47605490e+01 7.90529947e+01 8.09228484e+01 9.06683694e+01 8.74185003e+01 7.80785035e+01 9.31317914e+01 7.88251541e+01 9.33231191e+01 8.81092213e+01 9.19971990e+01 8.53747761e+01 7.60523792e+01 8.00772907e+01 7.32991866e+01 7.37326048e+01 7.03546055e+01 8.39588325e+01 9.42006630e+01 5.88559776e+01 9.69712320e+01 9.82429230e+01 7.71257307e+01 6.80441646e+01 7.99384823e+01 7.21046800e+01 9.36079093e+01 
5.93784816e+01 6.12061703e+01 5.97969634e+01 5.03353507e+01 4.70927116e+01 5.02998641e+01 5.35243392e+01 4.83495720e+01 4.20071808e+01 5.66899422e+01 6.93543123e+01 5.21039304e+01 6.46074804e+01 5.53944362e+01 5.56255389e+01 6.16229630e+01 4.64045747e+01 4.40891437e+01 5.84188348e+01 4.74954968e+01 6.42559263e+01 4.38016826e+01 5.59109784e+01 6.98661328e+01 6.19290563e+01 5.81968407e+01 5.67681015e+01 5.26571144e+01 4.41676200e+01 5.42034406e+01 
4.50546748e+01 4.73076630e+01 4.26455609e+01 3.75353325e+01 3.82828645e+01 4.10932928e+01 3.55226385e+01 3.09303375e+01 3.37674754e+01 4.25600223e+01 4.21688569e+01 4.15131433e+01 3.54815801e+01 4.66942949e+01 3.21105321e+01 3.54714093e+01 3.86118360e+01 3.19313526e+01 3.47032142e+01 3.84548873e+01 4.14816469e+01 3.97775266e+01 3.29654257e+01 5.24763088e+01 3.64255122e+01 3.85760727e+01 4.46904804e+01 3.61498071e+01 3.39917036e+01 4.03189264e+01 
3.21935009e+01 3.00655943e+01 2.75378837e+01 3.05469849e+01 3.00992449e+01 2.66294622e+01 3.00286639e+01 2.63654190e+01 2.51614312e+01 3.55404296e+01 2.99429190e+01 2.84231707e+01 2.52433612e+01 3.09355440e+01 2.55069731e+01 2.57877520e+01 3.07982329e+01 2.42967994e+01 2.58300569e+01 2.80407228e+01 3.17083316e+01 2.69263475e+01 2.51114654e+01 3.09605839e+01 2.42132511e+01 2.99256128e+01 2.79298158e+01 2.53855722e+01 2.84942397e+01 2.94581023e+01 
2.48269605e+01 1.03035931e+01 6.80063733e+00 2.49859910e+01 2.26710043e+01 2.22103361e+01 1.62511625e+01 2.27072178e+01 5.71699543e+00 2.37012504e+01 2.36236982e+01 1.96645957e+01 6.49818593e+00 2.24711074e+01 2.26508067e+01 2.97553183e+00 1.78190493e+01 2.18526553e+01 1.27189022e+01 1.76942323e+01 2.27332002e+01 1.49518908e+01 2.18145890e+01 1.16562901e+01 2.13908142e+01 2.37171665e+01 2.39184425e+01 1.14768918e+01 2.56976292e+01 2.40438513e+01 
2.13354537e+01 8.16068197e+00 2.30266740e+00 7.83135411e+00 2.92654838e+00 2.13119756e+01 1.35344259e+00 2.35299033e+00 1.99380551e+00 5.65178111e+00 2.61874829e+00 3.98508352e+00 2.02787998e+00 2.36045651e+00 1.30948833e+00 9.97745124e-01 3.30322053e+00 2.19722028e+00 1.62017344e+00 4.31434342e+00 2.13186583e+01 4.29631309e+00 1.68133150e+01 1.30779156e+00 3.85384864e+00 1.30420712e+01 2.20682904e+01 6.25133241e-01 2.06930299e+01 2.13192231e+00 
2.13153567e+01 8.15745573e+00 2.30209933e+00 2.30269144e+00 9.95128615e-01 2.13073052e+01 1.34323535e+00 2.30764765e+00 1.99379899e+00 5.60131307e+00 2.61493316e+00 3.97989104e+00 2.02566902e+00 1.30713792e+00 1.30715042e+00 9.97743663e-01 3.30300526e+00 1.99840410e+00 1.62015544e+00 4.30822523e+00 2.30532961e+00 3.12512537e-01 6.37982215e+00 1.30726542e+00 3.68889342e+00 3.61085793e+00 2.19716991e+01 6.25116639e-01 3.03001553e+00 1.99196050e+00 
1000000 1000000 1000000 1000000 1000000 1000000 1000000 1000000 1000000 1000000 1000000 1000000 1000000 1000000 1000000 1000000 1000000 1000000 1000000 1000000 1000000 1000000 1000000 1000000 1000000 1000000 1000000 1000000 1000000 1000000 
