4.09061564e+0 3.40172213e+0 4.04490614e+0 5.33979004e+0 3.92512654e+0 3.88842883e+0 3.46710175e+0 3.35959563e+0 4.26880108e+0 2.93273389e+0 3.50304290e+0 3.25486934e+0 2.78420439e+0 4.71886028e+0 2.96363902e+0 3.15724640e+0 4.54618250e+0 3.42138969e+0 3.92375050e+0 3.72573050e+0 3.43192826e+0 2.41613382e+0 2.58235021e+0 4.95469474e+0 2.91779342e+0 4.80516222e+0 3.00682649e+0 3.01163594e+0 4.12609166e+0 3.60832799e+0 
4.08524541e+0 2.96405438e+0 2.92684388e+0 3.19293682e+0 2.63172296e+0 3.51596652e+0 2.93669962e+0 3.35959563e+0 3.09545245e+0 2.66983028e+0 3.45479064e+0 3.25486934e+0 2.75423337e+0 4.50613139e+0 2.88704285e+0 3.11919625e+0 3.48401882e+0 2.61271622e+0 3.35508602e+0 2.81425190e+0 3.43192826e+0 2.36544440e+0 2.56453310e+0 4.14962016e+0 2.90522486e+0 3.18340303e+0 3.00682649e+0 3.01163594e+0 3.17402101e+0 3.03379855e+0 
4.08524541e+0 2.96405438e+0 2.92684388e+0 3.18672806e+0 2.63172296e+0 3.51596652e+0 2.93669962e+0 3.35959563e+0 3.09545245e+0 2.66983028e+0 3.45479064e+0 3.25486934e+0 2.75423337e+0 4.43797791e+0 2.88704285e+0 3.11919625e+0 3.48401882e+0 2.61271622e+0 3.35508602e+0 2.81425190e+0 3.43192826e+0 2.36544440e+0 2.56453310e+0 4.14962016e+0 2.90522486e+0 3.18340303e+0 3.00682649e+0 3.01163594e+0 3.17402101e+0 3.03379855e+0 
4.08524541e+0 2.96405438e+0 2.92684388e+0 3.18672806e+0 2.63172296e+0 3.51596652e+0 2.93669962e+0 3.35959563e+0 3.09545245e+0 2.66983028e+0 3.45479064e+0 3.25486934e+0 2.75423337e+0 4.43797791e+0 2.88704285e+0 3.11919625e+0 3.48401882e+0 2.61271622e+0 3.35508602e+0 2.81425190e+0 3.43192826e+0 2.36544440e+0 2.56453310e+0 3.75659982e+0 2.90522486e+0 3.18340303e+0 3.00682649e+0 3.01163594e+0 3.17402101e+0 3.03379855e+0 
3.35331041e+0 2.28153649e+0 2.46281794e+0 2.96707951e+0 2.44154863e+0 3.19190935e+0 2.64541508e+0 2.73103492e+0 3.02345777e+0 2.66983028e+0 2.56168238e+0 3.25486934e+0 2.34650016e+0 2.85119878e+0 2.64248233e+0 3.11919625e+0 3.03691546e+0 2.52303724e+0 3.19229669e+0 2.65170021e+0 2.94233105e+0 2.29209871e+0 2.29103043e+0 3.18014544e+0 2.77227364e+0 2.74774605e+0 3.00682649e+0 3.01163594e+0 2.91060281e+0 2.67608906e+0 
2.64953354e+0 2.28153649e+0 2.46281794e+0 2.41392788e+0 2.16266735e+0 2.89047940e+0 2.44083427e+0 2.34821534e+0 2.74159955e+0 2.66983028e+0 2.56168238e+0 2.98549233e+0 2.34650016e+0 2.85119878e+0 2.62193211e+0 2.59248158e+0 2.97452476e+0 2.52303724e+0 2.60270738e+0 2.61779248e+0 2.94233105e+0 2.29209871e+0 2.29103043e+0 3.18014544e+0 2.75932780e+0 2.74774605e+0 3.00682649e+0 2.83248132e+0 2.91060281e+0 2.67608906e+0 
2.33423884e+0 2.28153649e+0 2.20758280e+0 2.37923414e+0 2.16266735e+0 2.31408338e+0 2.44083427e+0 2.34821534e+0 2.74159955e+0 2.61589254e+0 2.56168238e+0 2.42093341e+0 2.34650016e+0 2.17961297e+0 2.24115408e+0 2.59248158e+0 2.47210863e+0 2.39337473e+0 2.28331658e+0 2.61779248e+0 2.58577660e+0 2.29209871e+0 2.29103043e+0 2.72230636e+0 2.40343044e+0 2.34265580e+0 3.00682649e+0 2.49779101e+0 2.71202500e+0 2.34801963e+0 
2.14221586e+0 2.28153649e+0 2.06855764e+0 2.02511927e+0 1.96086780e+0 2.11718631e+0 2.10320413e+0 2.23477811e+0 2.36766407e+0 1.94523675e+0 2.26009360e+0 2.28128516e+0 2.25023205e+0 2.17937560e+0 2.24115408e+0 2.19651618e+0 2.47210863e+0 2.01352142e+0 2.12602201e+0 2.23334055e+0 2.19762231e+0 2.20162517e+0 2.05189121e+0 2.51124294e+0 2.24369153e+0 2.17300352e+0 2.27158732e+0 2.30852357e+0 2.11765647e+0 2.10172212e+0 
2.07366448e+0 1.95301581e+0 1.89276746e+0 1.84589255e+0 1.95525157e+0 2.00509613e+0 2.07204267e+0 1.86282004e+0 2.01816576e+0 1.89335567e+0 1.88958672e+0 1.94954740e+0 2.25023205e+0 2.05662133e+0 2.02258281e+0 2.08441395e+0 2.00188582e+0 1.90806948e+0 1.99007452e+0 1.99948952e+0 1.85945618e+0 1.97486287e+0 2.05189121e+0 1.96626985e+0 1.97564990e+0 1.93728605e+0 2.27158732e+0 1.89673429e+0 2.03749794e+0 1.97763645e+0 
1.79944576e+0 1.78695814e+0 1.77918014e+0 1.81404884e+0 1.80340097e+0 1.80290818e+0 1.89620340e+0 1.79597983e+0 1.86395868e+0 1.76440461e+0 1.80928883e+0 1.85215981e+0 1.91208792e+0 1.76979067e+0 1.89819447e+0 1.90091068e+0 1.80028121e+0 1.75051534e+0 1.83992529e+0 1.77710793e+0 1.83604637e+0 1.86100866e+0 1.88972397e+0 1.82594970e+0 1.85493215e+0 1.86120427e+0 1.83279888e+0 1.82261066e+0 1.83411643e+0 1.77563221e+0 
1.73016679e+0 1.75190320e+0 1.72670335e+0 1.71061778e+0 1.72073046e+0 1.73559439e+0 1.73461845e+0 1.69837823e+0 1.72386265e+0 1.69968530e+0 1.72883066e+0 1.73400160e+0 1.69980357e+0 1.71678465e+0 1.76737020e+0 1.72680220e+0 1.72452328e+0 1.72354618e+0 1.74329484e+0 1.71017166e+0 1.73828716e+0 1.74168786e+0 1.75630625e+0 1.72304788e+0 1.76121215e+0 1.72285078e+0 1.75248475e+0 1.74745079e+0 1.75119506e+0 1.73063686e+0 
1.68119829e+0 1.67323248e+0 1.69590173e+0 1.68370261e+0 1.67290764e+0 1.69901787e+0 1.69216341e+0 1.67514877e+0 1.69199491e+0 1.67622614e+0 1.67269431e+0 1.68435626e+0 1.67856160e+0 1.69316329e+0 1.68766846e+0 1.69145342e+0 1.70113720e+0 1.67478147e+0 1.68210717e+0 1.67637620e+0 1.69069230e+0 1.71119746e+0 1.67067403e+0 1.67975548e+0 1.68464835e+0 1.68345871e+0 1.69800641e+0 1.69240411e+0 1.67942026e+0 1.69541922e+0 
1.65327053e+0 1.66435921e+0 1.66324634e+0 1.66001140e+0 1.66220924e+0 1.65533600e+0 1.65753544e+0 1.66028477e+0 1.66931080e+0 1.65764044e+0 1.66542611e+0 1.66532601e+0 1.65460957e+0 1.66122855e+0 1.65440371e+0 1.66468411e+0 1.66359770e+0 1.65711477e+0 1.65685731e+0 1.65597485e+0 1.64679096e+0 1.67975377e+0 1.65439807e+0 1.65877140e+0 1.65974585e+0 1.65449284e+0 1.67134357e+0 1.65863617e+0 1.65885408e+0 1.66840154e+0 
1.64393862e+0 1.65022732e+0 1.63552966e+0 1.63290188e+0 1.65013128e+0 1.63699835e+0 1.61249305e+0 1.63952448e+0 1.64383824e+0 1.65058108e+0 1.64934287e+0 1.64289670e+0 1.62841116e+0 1.64282289e+0 1.63858674e+0 1.63749132e+0 1.63866197e+0 1.64938198e+0 1.65130628e+0 1.63297704e+0 1.62913249e+0 1.65760564e+0 1.64529268e+0 1.65108390e+0 1.64290289e+0 1.64791013e+0 1.65415794e+0 1.64942025e+0 1.64196923e+0 1.62284623e+0 
1.60270807e+0 1.64852154e+0 1.61435471e+0 1.61437901e+0 1.64492348e+0 1.61738117e+0 1.60189441e+0 1.62701281e+0 1.64265992e+0 1.64931222e+0 1.64931009e+0 1.63400304e+0 1.61754096e+0 1.63925922e+0 1.63714873e+0 1.59373953e+0 1.63477822e+0 1.64921942e+0 1.65067595e+0 1.61435590e+0 1.60699808e+0 1.65212670e+0 1.63913159e+0 1.64921943e+0 1.60690190e+0 1.62316869e+0 1.65402704e+0 1.63242975e+0 1.64024643e+0 1.62135934e+0 
1.59543778e+0 1.64849258e+0 1.61435270e+0 1.61435280e+0 1.64268776e+0 1.61435277e+0 1.60183113e+0 1.62700131e+0 1.64265070e+0 1.64931008e+0 1.64931008e+0 1.63399315e+0 1.61404883e+0 1.63924512e+0 1.63714850e+0 1.59368734e+0 1.63477705e+0 1.64921942e+0 1.65067589e+0 1.61435268e+0 1.60680177e+0 1.65212606e+0 1.63877902e+0 1.64921942e+0 1.60680176e+0 1.61435318e+0 1.65402703e+0 1.63218147e+0 1.64010453e+0 1.62135888e+0 
200000 200000 200000 200000 200000 200000 200000 200000 200000 200000 200000 200000 200000 200000 200000 200000 200000 200000 200000 200000 200000 200000 200000 200000 200000 200000 200000 200000 200000 200000 
