3.99020876e+0 2.48030772e+0 3.24402646e+0 2.90080124e+0 2.91680232e+0 2.59189884e+0 2.69116627e+0 2.99381247e+0 3.74591223e+0 3.40960805e+0 3.15722272e+0 2.97486043e+0 2.64824465e+0 3.12796668e+0 1.61129643e+0 3.14534018e+0 2.71007210e+0 2.65041130e+0 2.00958562e+0 2.95019585e+0 2.97921851e+0 2.72126398e+0 2.20086707e+0 1.93559956e+0 2.69348398e+0 2.38098509e+0 1.82151315e+0 2.30076804e+0 2.22339960e+0 3.54869336e+0 
2.41608284e+0 1.86235041e+0 1.99254389e+0 2.06984830e+0 2.87035114e+0 1.59437316e+0 1.78440563e+0 1.44530148e+0 1.76339891e+0 2.98958206e+0 2.12580124e+0 1.95097794e+0 2.47795896e+0 2.00586729e+0 1.61129643e+0 2.18786520e+0 2.71007210e+0 2.43502298e+0 2.00958562e+0 2.77571778e+0 2.24819577e+0 2.72126398e+0 9.21735638e+0 1.62107478e+0 2.33085326e+0 2.29764807e+0 1.70701465e+0 2.26769604e+0 1.91058430e+0 2.10199114e+0 
2.41608284e+0 1.86235041e+0 1.78606620e+0 2.06984830e+0 2.78054094e+0 1.59437316e+0 1.78440563e+0 1.44530148e+0 1.76339891e+0 2.18387812e+0 2.12580124e+0 1.95097794e+0 2.47795896e+0 2.00586729e+0 1.61129643e+0 2.18786520e+0 2.71007210e+0 1.21501465e+0 2.00958562e+0 2.75795037e+0 9.76574109e+0 2.72126398e+0 9.21735638e+0 1.62107478e+0 1.80287373e+0 2.29764807e+0 1.47445534e+0 2.14115506e+0 1.91058430e+0 2.10199114e+0 
2.41608284e+0 1.86235041e+0 1.78606620e+0 2.06984830e+0 2.70799185e+0 1.59437316e+0 1.78440563e+0 1.44530148e+0 1.76339891e+0 2.10830251e+0 2.12580124e+0 1.95097794e+0 2.47795896e+0 1.61609845e+0 1.61129643e+0 2.18786520e+0 2.71007210e+0 1.21501465e+0 2.00958562e+0 9.51760167e+0 9.76574109e+0 2.72126398e+0 9.21735638e+0 1.62107478e+0 1.80287373e+0 2.29764807e+0 1.47445534e+0 2.14115506e+0 1.91058430e+0 2.10199114e+0 
2.13917278e+0 1.86235041e+0 1.29532860e+0 1.06246548e+0 2.59618981e+0 1.33806671e+0 1.21115113e+0 1.44530148e+0 1.76339891e+0 1.46155171e+0 2.12580124e+0 1.95097794e+0 2.47795896e+0 1.46056591e+0 1.61129643e+0 9.74546743e+0 1.14229139e+0 1.21501465e+0 1.69280118e+0 9.51760167e+0 9.76574109e+0 1.14301798e+0 9.21735638e+0 1.62107478e+0 1.80287373e+0 2.29764807e+0 1.45551871e+0 2.14115506e+0 1.91058430e+0 1.28145108e+0 
1.19943195e+0 1.72487484e+0 1.29532860e+0 1.01457091e+0 2.15936424e+0 1.24303677e+0 3.75419769e+0 1.25370432e+0 1.13204335e+0 1.46155171e+0 1.35236547e+0 1.81764271e+0 1.07050495e+0 1.40773833e+0 1.45387407e+0 8.06230725e+0 6.40180884e+0 7.31174432e+0 1.69280118e+0 9.51760167e+0 6.73923405e+0 1.14301798e+0 9.21735638e+0 1.47141966e+0 1.64458668e+0 1.83758046e+0 9.60520457e+0 1.66458841e+0 1.71158456e+0 1.28145108e+0 
1.19943195e+0 1.45418302e+0 1.05564808e+0 1.01457091e+0 2.15936424e+0 1.24303677e+0 3.75419769e+0 8.57232673e+0 1.05197918e+0 6.81535859e+0 8.14950928e+0 1.81764271e+0 1.07050495e+0 1.02296520e+0 1.30159755e+0 8.06230725e+0 6.40180884e+0 7.31174432e+0 1.20848223e+0 9.33041121e+0 6.73923405e+0 1.05012661e+0 9.21735638e+0 1.30797362e+0 9.71520129e+0 1.56396965e+0 9.60520457e+0 1.17466047e+0 1.53860937e+0 1.18054721e+0 
1.19943195e+0 9.62016035e+0 1.00958501e+0 5.82358768e+0 7.74931204e+0 7.85091298e+0 3.75419769e+0 7.31677703e+0 8.24770537e+0 6.81535859e+0 7.21938787e+0 1.32464530e+0 8.16689750e+0 1.02296520e+0 8.35292374e+0 7.20148743e+0 6.40180884e+0 7.31174432e+0 1.00447424e+0 9.33041121e+0 6.73923405e+0 9.29491684e+0 6.65581092e+0 8.52939250e+0 9.71520129e+0 8.58602042e+0 9.60520457e+0 8.08620280e+0 1.17436331e+0 1.05105841e+0 
5.86518333e+0 6.25123591e+0 4.18041554e+0 3.74937691e+0 6.56392875e+0 3.34105959e+0 2.40703387e+0 6.32607268e+0 2.96947729e+0 5.02791669e+0 5.80085531e+0 1.02362648e+0 4.77218297e+0 7.37525475e+0 6.40939598e+0 3.97408837e+0 6.40180884e+0 5.51634449e+0 8.18105950e+0 8.85583148e+0 6.73923405e+0 6.67198423e+0 6.31552752e+0 5.17613972e+0 7.05778598e+0 6.41629900e+0 4.68655103e+0 8.08620280e+0 6.11723625e+0 5.84405695e+0 
3.78537229e+0 3.85297581e+0 3.77686610e+0 9.33598156e+0 4.18636523e+0 1.28866701e+0 2.25651248e+0 3.17849709e+0 2.96947729e+0 4.01432388e+0 4.51133636e+0 3.28927285e+0 3.27581061e+0 3.00516251e+0 3.66238077e+0 1.92862419e+0 4.10265703e+0 3.51170900e+0 4.69018043e+0 5.66761636e+0 3.66806255e+0 3.87768881e+0 3.04147685e+0 2.39450686e+0 3.15978546e+0 3.16824364e+0 4.68655103e+0 4.51476001e+0 2.94255285e+0 3.74168707e+0 
1.62061155e+0 1.12651503e+0 1.89076172e+0 8.39703893e+0 1.42192903e+0 1.12699628e+0 1.10948984e+0 1.04657165e+0 1.26563729e+0 1.54692203e+0 1.36499545e+0 1.73095330e+0 1.05380676e+0 1.54549810e+0 8.93505175e+0 1.30431882e+0 1.00005674e+0 1.67676673e+0 3.38278730e+0 9.61942939e+0 1.22789937e+0 1.63586693e+0 8.70630834e+0 9.78383212e+0 1.02647499e+0 1.25304775e+0 1.76913489e+0 2.46015194e+0 2.74238798e+0 8.54868412e+0 
3.35011133e+0 6.02938209e+0 3.46535007e+0 2.21874634e+0 3.86115693e+0 2.91664969e+0 7.14883159e+0 4.87326704e+0 4.14633099e+0 4.67059947e+0 6.42628373e+0 3.04571826e+0 2.92480259e+0 2.66827785e+0 1.02650381e+0 4.95165977e+0 3.56273488e+0 3.79801252e+0 8.30836367e+0 2.34699368e+0 2.21600116e+0 4.40014801e+0 3.43034399e+0 1.94670408e+0 9.66340096e+0 2.01793899e+0 2.54957696e+0 8.97640610e+0 5.11885779e+0 3.92708864e+0 
1.94165913e+0 3.02258425e+0 1.20152549e+0 2.01230903e+0 3.57972849e+0 5.02207267e-0 1.66505358e+0 8.32733033e-0 2.30926192e+0 1.71270931e+0 5.68110012e-0 7.17838690e-0 2.65803438e+0 3.20347961e+0 6.41965708e-0 2.43256907e+0 2.17368256e+0 1.73040218e+0 4.59178236e+0 1.60302987e+0 1.15666552e+0 2.70028206e+0 3.41052052e+0 1.06362722e+0 6.16397921e-0 1.76764779e+0 2.60963186e+0 3.05018502e+0 2.12716744e+0 1.65107516e+0 
3.17761183e-0 4.22110301e-0 6.85473202e-0 4.95756673e-0 1.34746505e-0 7.41207797e-0 6.22354635e-0 1.93216690e-0 4.69431411e-0 6.47001624e-0 3.05662805e-0 6.38142407e-0 3.71534689e-0 2.12817465e-0 4.35347365e-0 8.66018037e-0 4.61372501e-0 4.97718791e-0 1.41095350e-0 7.26890823e-0 2.77767991e-0 1.09632559e-0 9.04376143e-0 3.55118537e-0 2.57143734e-0 2.03590118e-0 1.00314440e-0 1.11872778e-0 1.00338726e-0 6.69261297e-0 
5.17314902e-0 8.74047146e-0 4.54746100e-0 7.61463070e-0 1.12856242e-0 9.52923074e-0 3.21849711e-0 1.93617200e-0 1.02820934e-0 9.91124011e-0 6.73934437e-0 8.81641427e-0 1.30145622e-0 8.58722160e-0 3.14503040e-0 7.84756480e-0 1.67522217e-0 2.49119694e-0 1.02499143e-0 3.40312795e-0 4.63110155e-0 9.95817118e-0 5.38912218e-0 9.24842425e-0 1.03369757e-0 8.54640803e-0 4.75601678e-0 8.89212970e-0 1.46948196e-0 1.40770112e-0 
5.49914603e-0 8.74047146e-0 9.99250460e-0 7.61463070e-0 9.78809567e-0 9.52923074e-0 9.95089522e-0 6.17012574e-0 9.60278612e-0 9.73500391e-0 8.03015610e-0 8.81641427e-0 9.50808499e-0 8.58722160e-0 9.41111011e-0 9.83357040e-0 9.42907263e-0 9.77263426e-0 9.94134552e-0 9.29571797e-0 8.30425506e-0 9.95817118e-0 8.71420980e-0 9.24842425e-0 9.39110123e-0 8.54640803e-0 9.57686552e-0 9.41940925e-0 8.64508820e-0 8.49797743e-0 
136059 103763 141542 114686 138624 114986 131603 161758 147142 148046 137510 110974 136385 105763 148283 142592 141636 134773 135247 138382 130422 109430 145094 121284 127280 122125 149664 138233 129282 148255 
