1.86623117e+0 1.76937256e+0 1.60611219e+0 1.63801738e+0 2.38428115e+0 8.14527332e+0 6.99608357e+0 1.71558931e+0 1.60019295e+0 1.35879670e+0 2.18742477e+0 1.41602459e+0 1.12225119e+0 1.83079231e+0 1.97711526e+0 1.75006616e+0 8.16937686e+0 7.81699655e+0 1.77832249e+0 9.09432324e+0 1.92830458e+0 2.32020717e+0 1.17558718e+0 9.58377818e+0 1.66668083e+0 9.33816971e+0 1.12488199e+0 1.44520422e+0 1.68141796e+0 9.77287452e+0 
1.49919591e+0 9.35198508e+0 9.25894773e+0 9.83028404e+0 1.46468996e+0 8.14527332e+0 6.99608357e+0 5.04977100e+0 1.22981901e+0 6.69635034e+0 1.28556753e+0 7.70529463e+0 1.12225119e+0 1.44708561e+0 9.90715415e+0 7.82083806e+0 6.34649057e+0 7.81699655e+0 4.83166336e+0 5.65264315e+0 1.52284093e+0 9.82077795e+0 1.17558718e+0 9.58377818e+0 1.66668083e+0 8.63642187e+0 4.87375398e+0 9.64840943e+0 1.23144113e+0 3.84158801e+0 
1.49919591e+0 9.35198508e+0 9.25894773e+0 9.83028404e+0 1.46468996e+0 8.14527332e+0 6.99608357e+0 5.04977100e+0 1.22981901e+0 6.69635034e+0 1.00368186e+0 7.70529463e+0 1.12225119e+0 1.44708561e+0 9.90715415e+0 7.82083806e+0 6.34649057e+0 7.81699655e+0 4.83166336e+0 5.65264315e+0 1.11436501e+0 9.82077795e+0 1.17558718e+0 9.58377818e+0 1.66668083e+0 8.63642187e+0 4.87375398e+0 9.64840943e+0 1.23144113e+0 3.84158801e+0 
1.49919591e+0 9.35198508e+0 9.25894773e+0 9.83028404e+0 1.46468996e+0 8.14527332e+0 6.99608357e+0 5.04977100e+0 1.22981901e+0 6.69635034e+0 1.00368186e+0 7.70529463e+0 1.12225119e+0 1.23326247e+0 9.90715415e+0 7.82083806e+0 6.34649057e+0 7.81699655e+0 4.83166336e+0 5.65264315e+0 1.11436501e+0 9.82077795e+0 1.03650164e+0 9.58377818e+0 1.66668083e+0 8.63642187e+0 4.87375398e+0 9.64840943e+0 1.23144113e+0 3.84158801e+0 
1.49919591e+0 4.45383513e+0 5.97401994e+0 9.83028404e+0 8.09393957e+0 8.14527332e+0 6.97723083e+0 5.04977100e+0 7.77690569e+0 6.69635034e+0 1.00368186e+0 4.41033612e+0 8.47154339e+0 1.10278364e+0 9.90715415e+0 4.38296347e+0 6.34649057e+0 5.35290190e+0 4.83166336e+0 4.27745444e+0 7.34038392e+0 9.82077795e+0 6.19226270e+0 8.49574546e+0 1.42405897e+0 4.00050707e+0 4.09764950e+0 9.64840943e+0 1.23144113e+0 3.58292271e+0 
1.08866364e+0 4.45383513e+0 5.97401994e+0 6.16533919e+0 7.97186580e+0 6.65154774e+0 6.97723083e+0 5.04977100e+0 5.61556112e+0 5.31362954e+0 8.55061898e+0 4.41033612e+0 6.88197595e+0 8.14783653e+0 4.67555365e+0 4.38296347e+0 6.34649057e+0 5.35290190e+0 3.87955039e+0 4.27745444e+0 7.34038392e+0 4.34703878e+0 6.19226270e+0 5.84487874e+0 9.28813413e+0 4.00050707e+0 4.09764950e+0 9.64840943e+0 1.23144113e+0 3.58292271e+0 
1.08866364e+0 4.45383513e+0 5.97401994e+0 5.83881927e+0 5.05573056e+0 4.94413263e+0 3.42301657e+0 3.77559594e+0 5.61556112e+0 3.67303541e+0 3.92225900e+0 4.41033612e+0 4.56784452e+0 8.14783653e+0 4.67555365e+0 4.38296347e+0 4.54605587e+0 4.41639772e+0 3.16815181e+0 4.27745444e+0 3.33594228e+0 4.25772000e+0 6.03553504e+0 4.11720307e+0 9.28813413e+0 4.00050707e+0 4.09764950e+0 5.65772586e+0 6.81870936e+0 3.58292271e+0 
6.01482621e+0 3.27666683e+0 5.16257984e+0 4.24309246e+0 3.47979000e+0 4.48501646e+0 2.43409505e+0 3.39605181e+0 4.09149821e+0 3.67303541e+0 2.66485838e+0 4.38674702e+0 4.40441226e+0 5.98829233e+0 3.72337858e+0 4.11141013e+0 4.54605587e+0 4.07352594e+0 3.16815181e+0 3.78723078e+0 3.33594228e+0 2.74742953e+0 3.74821055e+0 4.11720307e+0 3.23513530e+0 2.43649238e+0 4.02674287e+0 3.15566814e+0 6.50872800e+0 3.45670163e+0 
3.69316835e+0 2.71984774e+0 2.64455525e+0 2.25038074e+0 2.62117252e+0 3.28796015e+0 2.43409505e+0 2.19020087e+0 2.65004039e+0 2.21790708e+0 2.16942296e+0 2.39313575e+0 2.20670805e+0 4.05092773e+0 2.31488318e+0 3.82696321e+0 2.55380141e+0 2.28441257e+0 1.86155826e+0 2.22311558e+0 3.18308892e+0 1.84765216e+0 2.77009701e+0 3.02096215e+0 2.77770078e+0 2.13791657e+0 2.98985745e+0 2.13311814e+0 3.07621300e+0 2.66608224e+0 
2.20063856e+0 2.11903587e+0 1.95667157e+0 1.92176873e+0 1.90952843e+0 1.99517493e+0 2.32333036e+0 2.11512421e+0 1.95800141e+0 1.92305014e+0 2.16942296e+0 1.91319949e+0 1.97616251e+0 2.31926763e+0 2.07150567e+0 1.67342456e+0 1.93509956e+0 1.79438064e+0 1.86155826e+0 1.94990117e+0 2.07207205e+0 1.78891145e+0 1.98258855e+0 2.12352266e+0 1.77333955e+0 1.92958970e+0 2.12915892e+0 2.10543921e+0 2.38429763e+0 1.96835646e+0 
1.67176991e+0 1.70170654e+0 1.58868978e+0 1.59807223e+0 1.53068692e+0 1.65829803e+0 1.60692352e+0 1.77920474e+0 1.74120939e+0 1.62288114e+0 1.64401899e+0 1.66422570e+0 1.66383609e+0 1.70766884e+0 1.59790411e+0 1.58815714e+0 1.53675710e+0 1.57090320e+0 1.59235578e+0 1.67843834e+0 1.51388629e+0 1.55913687e+0 1.59237091e+0 1.65018289e+0 1.61619891e+0 1.60640646e+0 1.64960510e+0 1.65621596e+0 1.68909361e+0 1.57309452e+0 
1.50675689e+0 1.43272984e+0 1.40393249e+0 1.40537709e+0 1.41611097e+0 1.42397620e+0 1.36725334e+0 1.53992938e+0 9.69480392e+0 1.13782832e+0 1.48330074e+0 1.37750168e+0 1.49885925e+0 1.50652954e+0 1.25910525e+0 1.45717226e+0 1.44794442e+0 1.38757276e+0 1.36487759e+0 1.36729442e+0 1.18407713e+0 1.25344474e+0 1.40278540e+0 1.39321229e+0 1.45709650e+0 1.46320737e+0 1.47133165e+0 1.47256901e+0 1.47946375e+0 1.28293744e+0 
1.07321159e+0 4.41230090e+0 9.55405474e+0 6.06214416e+0 4.56823868e+0 8.38888521e+0 7.07002393e+0 1.28484711e+0 4.04691642e+0 3.56417518e+0 1.14785534e+0 5.29454183e+0 9.79789322e+0 8.42806717e+0 3.04487451e+0 1.21467248e+0 6.06506851e+0 9.50087315e+0 8.02356104e+0 6.76582035e+0 4.64926345e+0 5.25074613e+0 9.41644734e+0 3.70788907e+0 7.64178941e+0 8.08915789e+0 1.05949643e+0 1.21351729e+0 9.05529543e+0 5.08660394e+0 
1.78110584e+0 3.90606150e-0 1.14196189e+0 1.29735964e+0 1.88344631e-0 8.41039970e-0 1.57459680e+0 7.83348935e+0 8.37589158e-0 2.40425605e-0 2.42458732e-0 1.76380493e-0 1.46301680e+0 1.63846422e+0 2.93433324e-0 2.01002519e+0 2.70845382e-0 1.06377570e+0 6.86542907e-0 4.10004329e-0 3.57068281e-0 6.11419459e-0 3.33354918e-0 3.43350525e-0 1.28542997e+0 9.10472177e-0 2.94451441e+0 2.63812556e+0 7.45220140e-0 2.82325129e-0 
1.85098926e-0 5.34172850e-0 5.71783835e-0 5.72195640e-0 1.23067225e-0 1.10079329e-0 1.62194859e-0 4.55306908e-0 6.48184159e-0 1.10750325e-0 2.14248985e-0 9.73089209e-0 1.90154052e-0 5.02196258e-0 8.19964362e-0 1.23758780e-0 5.95113015e-0 3.45220389e-0 3.70836806e-0 4.48744595e-0 3.84109958e-0 4.85956557e-0 5.74185260e-0 5.79470679e-0 5.65840742e-0 3.84265159e-0 2.87761247e-0 4.00926974e-0 4.61580516e-0 1.90133806e-0 
9.85846782e-0 9.76478987e-0 8.38826963e-0 8.06358003e-0 8.97307473e-0 8.50059223e-0 9.08994480e-0 9.40281097e-0 8.98717190e-0 9.91212801e-0 9.42463885e-0 9.46920409e-0 9.50740286e-0 9.66656444e-0 9.60926627e-0 8.74888428e-0 9.32595867e-0 9.67429514e-0 9.66110747e-0 9.35233402e-0 9.81754056e-0 9.70203473e-0 9.80526238e-0 9.92986315e-0 9.36051947e-0 8.61155058e-0 9.65383151e-0 9.87438398e-0 9.50831236e-0 8.40418579e-0 
173194 170425 172124 165485 157764 168112 180013 165533 170487 151914 155912 156595 170270 173754 151306 174224 169412 189466 169852 157612 161315 173806 172233 158874 169473 161103 185326 166902 170993 163949 
