4.58175241e+0 4.17770152e+0 6.12987302e+0 5.83749091e+0 5.89592312e+0 5.44573243e+0 5.82668990e+0 5.62327125e+0 6.05337584e+0 5.33933723e+0 6.02662546e+0 6.65190444e+0 5.20644335e+0 4.14692213e+0 4.98417917e+0 6.13438769e+0 6.51791184e+0 5.88111330e+0 9.21620289e+0 8.27510206e+0 5.57929139e+0 5.45209499e+0 6.03493881e+0 6.76832300e+0 6.49000384e+0 6.31718922e+0 6.92614934e+0 6.51202801e+0 6.68472962e+0 6.17801905e+0 
4.58175241e+0 4.17770152e+0 5.92616958e+0 5.83749091e+0 5.67757268e+0 4.83333965e+0 4.86269741e+0 4.65802451e+0 5.87801670e+0 4.23130144e+0 6.02662546e+0 5.53265478e+0 4.33401631e+0 4.14692213e+0 4.98417917e+0 4.71444024e+0 4.64081037e+0 5.24337117e+0 6.24505434e+0 6.94742508e+0 5.57929139e+0 4.39267102e+0 5.72424283e+0 6.11857312e+0 6.12684173e+0 6.17969682e+0 5.30917738e+0 5.85921262e+0 5.25212939e+0 4.96860059e+0 
4.58175241e+0 4.17770152e+0 5.92616958e+0 5.01211419e+0 5.67757268e+0 4.83333965e+0 4.86269741e+0 4.65802451e+0 5.87801670e+0 4.23130144e+0 4.47178314e+0 5.31813108e+0 4.33401631e+0 4.14692213e+0 4.98417917e+0 4.71444024e+0 4.64081037e+0 5.24337117e+0 6.24505434e+0 6.94742508e+0 5.57929139e+0 4.39267102e+0 5.72424283e+0 6.11857312e+0 6.12684173e+0 6.17969682e+0 5.30917738e+0 5.37389194e+0 5.25212939e+0 4.60888561e+0 
4.58175241e+0 4.17770152e+0 5.92616958e+0 5.01211419e+0 5.67757268e+0 4.61458617e+0 4.86269741e+0 4.65802451e+0 5.86531968e+0 4.23130144e+0 4.47178314e+0 5.31813108e+0 4.33401631e+0 4.14692213e+0 4.98417917e+0 4.71444024e+0 4.64081037e+0 5.24337117e+0 5.57467058e+0 6.94742508e+0 5.57929139e+0 4.39267102e+0 5.72424283e+0 6.11857312e+0 6.12684173e+0 6.17969682e+0 4.63355481e+0 5.37389194e+0 5.25212939e+0 4.60888561e+0 
4.19026941e+0 4.02079201e+0 4.96744155e+0 4.61105753e+0 5.38364915e+0 4.61458617e+0 4.52307276e+0 4.65802451e+0 5.49926485e+0 4.12676483e+0 4.47178314e+0 5.31813108e+0 3.84536547e+0 4.14692213e+0 4.16234663e+0 4.54412711e+0 4.64081037e+0 4.55030427e+0 5.49999688e+0 5.96216706e+0 4.84732179e+0 4.26872455e+0 4.44986130e+0 5.31846548e+0 4.90203096e+0 4.63022240e+0 4.63355481e+0 5.20109894e+0 4.89928433e+0 4.19898212e+0 
4.13187071e+0 4.02079201e+0 4.96744155e+0 4.19329735e+0 5.11511029e+0 4.16996914e+0 4.52307276e+0 4.65802451e+0 5.38809856e+0 4.12676483e+0 4.40412542e+0 4.69103820e+0 3.84536547e+0 3.87745667e+0 4.16234663e+0 3.79208961e+0 4.64081037e+0 4.07405521e+0 5.32921588e+0 4.25628932e+0 4.84732179e+0 4.26872455e+0 4.44986130e+0 5.14419136e+0 4.14825606e+0 4.63022240e+0 4.02940650e+0 5.12169381e+0 3.59763991e+0 4.19898212e+0 
3.23754589e+0 3.81717824e+0 3.79396872e+0 3.93588853e+0 4.52986405e+0 4.08879931e+0 4.11738724e+0 4.33393683e+0 4.43724900e+0 3.44279052e+0 3.93847123e+0 4.69103820e+0 3.38068163e+0 3.86016271e+0 3.83170541e+0 3.79208961e+0 4.26492073e+0 4.07405521e+0 3.47943155e+0 4.25628932e+0 4.18547590e+0 4.26872455e+0 3.97468811e+0 4.08995591e+0 4.14825606e+0 3.65111757e+0 4.02895510e+0 3.98404708e+0 3.59763991e+0 3.87597859e+0 
3.23754589e+0 3.81717824e+0 3.79396872e+0 3.36850253e+0 3.21449533e+0 3.40741759e+0 3.70280206e+0 3.65999970e+0 3.32706088e+0 2.86822442e+0 3.23528345e+0 4.12856241e+0 3.37796417e+0 3.20502802e+0 3.45676882e+0 3.05009016e+0 3.62510336e+0 3.86051600e+0 3.46478763e+0 3.46680207e+0 4.08202159e+0 3.22401780e+0 3.85210460e+0 3.90113035e+0 3.24972283e+0 3.54345677e+0 3.84454571e+0 3.98404708e+0 3.59763991e+0 3.61686822e+0 
2.85377447e+0 3.06682276e+0 2.90125335e+0 2.93185022e+0 3.15724704e+0 3.22604782e+0 3.31944278e+0 3.36041785e+0 2.95437381e+0 2.73046300e+0 2.67127891e+0 3.57910835e+0 3.11914518e+0 3.05651829e+0 3.12246504e+0 3.05009016e+0 3.03890580e+0 3.34010672e+0 3.04821517e+0 2.91247573e+0 3.51056550e+0 2.95785409e+0 3.71943899e+0 3.23734560e+0 3.23786678e+0 3.14492515e+0 3.50128254e+0 3.45108414e+0 3.39733508e+0 3.07983108e+0 
2.79948779e+0 2.47426563e+0 2.78106168e+0 2.64529488e+0 2.91251910e+0 2.61583333e+0 2.99169026e+0 2.79261717e+0 2.65884679e+0 2.50458612e+0 2.63040049e+0 2.89760805e+0 2.77161286e+0 2.76009526e+0 2.74376158e+0 2.60188692e+0 2.86124642e+0 2.75891029e+0 2.73096560e+0 2.64268396e+0 2.74337111e+0 2.49232761e+0 2.87436215e+0 2.66822299e+0 2.79504173e+0 2.71943131e+0 2.85229338e+0 2.80999655e+0 2.78622792e+0 2.75677264e+0 
2.40852857e+0 2.39812668e+0 2.57672176e+0 2.42672033e+0 2.53156244e+0 2.50335724e+0 2.53103960e+0 2.41685324e+0 2.42198825e+0 2.45522097e+0 2.44434817e+0 2.54783701e+0 2.48907343e+0 2.49210326e+0 2.46625959e+0 2.42796568e+0 2.58559830e+0 2.40241072e+0 2.46434391e+0 2.49543442e+0 2.59734210e+0 2.45856702e+0 2.55521068e+0 2.55308987e+0 2.47848849e+0 2.47088562e+0 2.59146431e+0 2.59034764e+0 2.53503206e+0 2.54256070e+0 
2.33362150e+0 2.33800934e+0 2.38229039e+0 2.31854885e+0 2.35616070e+0 2.34964116e+0 2.33090163e+0 2.35250884e+0 2.37106403e+0 2.34786394e+0 2.32471325e+0 2.39179149e+0 2.31962583e+0 2.37401807e+0 2.41164168e+0 2.34952036e+0 2.38291831e+0 2.32013639e+0 2.35150599e+0 2.36641234e+0 2.35834185e+0 2.34891367e+0 2.37127298e+0 2.40555973e+0 2.35999380e+0 2.33290375e+0 2.34937768e+0 2.38092666e+0 2.35025639e+0 2.34341493e+0 
2.30093473e+0 2.30063736e+0 2.30297633e+0 2.29574688e+0 2.30662711e+0 2.30804007e+0 2.31243880e+0 2.29842425e+0 2.30130967e+0 2.30922137e+0 2.30264544e+0 2.30371688e+0 2.29955711e+0 2.30245381e+0 2.30363358e+0 2.30356705e+0 2.30896684e+0 2.30087761e+0 2.30972644e+0 2.29578605e+0 2.30592354e+0 2.29951192e+0 2.30647281e+0 2.30498355e+0 2.30727828e+0 2.30081825e+0 2.31431169e+0 2.30290505e+0 2.29906308e+0 2.30907068e+0 
2.29357871e+0 2.29310010e+0 2.29323705e+0 2.29295058e+0 2.29302799e+0 2.29327969e+0 2.29297068e+0 2.29292998e+0 2.29307809e+0 2.29343907e+0 2.29296750e+0 2.29365244e+0 2.29306570e+0 2.29290177e+0 2.29334183e+0 2.29292598e+0 2.29346412e+0 2.29294552e+0 2.29356457e+0 2.29302990e+0 2.29294691e+0 2.29291624e+0 2.29311960e+0 2.29297888e+0 2.29296722e+0 2.29288464e+0 2.29299021e+0 2.29290787e+0 2.29290980e+0 2.29298389e+0 
2.29284429e+0 2.29284386e+0 2.29284407e+0 2.29284390e+0 2.29284384e+0 2.29284387e+0 2.29284392e+0 2.29284396e+0 2.29284390e+0 2.29284408e+0 2.29284383e+0 2.29284400e+0 2.29284393e+0 2.29284403e+0 2.29284387e+0 2.29284408e+0 2.29284392e+0 2.29284385e+0 2.29284387e+0 2.29284389e+0 2.29284385e+0 2.29284401e+0 2.29284410e+0 2.29284390e+0 2.29284403e+0 2.29284383e+0 2.29284419e+0 2.29284384e+0 2.29284384e+0 2.29284384e+0 
2.29284383e+0 2.29284383e+0 2.29284383e+0 2.29284383e+0 2.29284383e+0 2.29284383e+0 2.29284383e+0 2.29284383e+0 2.29284383e+0 2.29284383e+0 2.29284383e+0 2.29284383e+0 2.29284383e+0 2.29284383e+0 2.29284383e+0 2.29284383e+0 2.29284383e+0 2.29284383e+0 2.29284383e+0 2.29284383e+0 2.29284383e+0 2.29284383e+0 2.29284383e+0 2.29284383e+0 2.29284383e+0 2.29284383e+0 2.29284383e+0 2.29284383e+0 2.29284383e+0 2.29284383e+0 
200000 200000 200000 200000 200000 200000 200000 200000 200000 200000 200000 200000 200000 200000 200000 200000 200000 200000 200000 200000 200000 200000 200000 200000 200000 200000 200000 200000 200000 200000 
