2.82180912e+0 1.12318871e+0 2.59674704e+0 1.10751928e+0 1.16573656e+0 9.96950284e+0 1.13061529e+0 1.90454975e+0 2.29053268e+0 1.49943128e+0 2.33367692e+0 7.10109253e+0 7.43353357e+0 1.16008494e+0 2.16972324e+0 8.23381149e+0 3.14854546e+0 1.25464543e+0 1.91308731e+0 2.97250188e+0 9.41764988e+0 8.88513747e+0 2.70540543e+0 1.33891342e+0 3.38399815e+0 1.74691891e+0 1.76310673e+0 7.55228468e+0 1.15841115e+0 2.98310035e+0 
2.82180912e+0 6.98476458e+0 8.50321288e+0 1.10751928e+0 8.52345595e+0 9.96950284e+0 1.13061529e+0 1.85301131e+0 9.31054762e+0 1.49943128e+0 1.86343329e+0 7.10109253e+0 7.43353357e+0 7.87537547e+0 1.43208624e+0 6.88900637e+0 1.18005983e+0 8.02205327e+0 6.11245617e+0 7.38563170e+0 9.41764988e+0 7.04700545e+0 1.20777321e+0 1.09920613e+0 1.48542915e+0 1.03202036e+0 1.76310673e+0 7.55228468e+0 9.58934602e+0 1.11758109e+0 
2.82180912e+0 6.98476458e+0 8.50321288e+0 5.66397224e+0 8.52345595e+0 9.96950284e+0 1.13061529e+0 1.85301131e+0 9.31054762e+0 7.44215371e+0 1.86343329e+0 7.10109253e+0 7.43353357e+0 7.87537547e+0 1.43208624e+0 6.88900637e+0 1.18005983e+0 8.02205327e+0 6.11245617e+0 7.38563170e+0 9.41764988e+0 7.04700545e+0 1.20777321e+0 1.09920613e+0 1.48542915e+0 1.03202036e+0 1.76310673e+0 7.55228468e+0 9.58934602e+0 6.91095697e+0 
2.82180912e+0 6.98476458e+0 7.96351472e+0 5.66397224e+0 8.52345595e+0 9.96950284e+0 1.13061529e+0 1.85301131e+0 9.31054762e+0 7.44215371e+0 1.47466382e+0 7.10109253e+0 7.43353357e+0 7.87537547e+0 1.43208624e+0 6.88900637e+0 1.18005983e+0 8.02205327e+0 6.11245617e+0 7.38563170e+0 9.41764988e+0 7.04700545e+0 1.20777321e+0 1.09920613e+0 7.67343585e+0 1.03202036e+0 1.76310673e+0 7.55228468e+0 9.58934602e+0 6.91095697e+0 
8.85804337e+0 5.03313620e+0 7.96351472e+0 4.44055996e+0 5.93703963e+0 8.28880184e+0 1.05128051e+0 1.78794648e+0 9.31054762e+0 7.44215371e+0 1.47466382e+0 7.10109253e+0 7.23340898e+0 7.87537547e+0 9.53072667e+0 5.83973693e+0 3.82088023e+0 5.38329376e+0 6.11245617e+0 7.38563170e+0 5.32731315e+0 5.29342033e+0 5.31557534e+0 1.09920613e+0 7.67343585e+0 1.03202036e+0 1.63833363e+0 7.39734052e+0 8.17793620e+0 6.24966569e+0 
5.30064810e+0 5.03313620e+0 7.96351472e+0 4.44055996e+0 5.93703963e+0 5.15030478e+0 4.08435645e+0 8.23297903e+0 6.65242634e+0 7.19127408e+0 8.00140826e+0 7.10109253e+0 7.23340898e+0 4.43347642e+0 9.53072667e+0 5.83973693e+0 3.82088023e+0 5.38329376e+0 3.97587209e+0 7.38563170e+0 4.97280953e+0 4.69867502e+0 5.31557534e+0 8.51504572e+0 7.67343585e+0 6.13157917e+0 7.04333330e+0 7.39734052e+0 5.31735455e+0 6.24966569e+0 
3.85887481e+0 5.03313620e+0 7.47687679e+0 4.44055996e+0 4.98487728e+0 4.64992699e+0 4.08435645e+0 8.23297903e+0 6.65242634e+0 5.68427519e+0 7.10051830e+0 4.67143076e+0 7.20851753e+0 4.25012454e+0 6.36176928e+0 5.05332727e+0 3.82088023e+0 5.04642311e+0 3.97587209e+0 7.38563170e+0 4.97280953e+0 4.03315239e+0 5.31557534e+0 4.78366633e+0 5.85318820e+0 5.16172849e+0 7.04333330e+0 7.39734052e+0 5.31735455e+0 4.11280021e+0 
3.65192474e+0 4.92810796e+0 4.09902434e+0 4.03619504e+0 4.50529342e+0 4.64992699e+0 4.08435645e+0 4.30976068e+0 4.72984784e+0 5.68427519e+0 4.24389821e+0 4.28699384e+0 5.12959333e+0 3.96039112e+0 3.85208920e+0 3.15597489e+0 3.82088023e+0 3.65569054e+0 3.72436114e+0 4.19341745e+0 3.91021312e+0 4.03315239e+0 4.51491743e+0 4.47997242e+0 5.43892392e+0 4.29044142e+0 3.05512439e+0 4.09782306e+0 4.31446502e+0 4.11280021e+0 
3.30702669e+0 3.56831211e+0 4.09902434e+0 3.67045624e+0 3.05200583e+0 3.29078684e+0 3.25391662e+0 3.50996324e+0 3.07624469e+0 3.46631341e+0 2.58462596e+0 2.68005975e+0 3.10973216e+0 2.99877250e+0 3.71612869e+0 3.05956722e+0 3.53803554e+0 3.37259051e+0 3.33663335e+0 3.93952132e+0 3.31072021e+0 3.83754443e+0 3.65520077e+0 3.25918778e+0 3.57520617e+0 3.42086557e+0 3.05512439e+0 4.09782306e+0 3.47315856e+0 3.56618375e+0 
2.86745885e+0 3.17383518e+0 2.99760875e+0 3.04726614e+0 2.80784253e+0 2.81563596e+0 2.59638659e+0 3.23422560e+0 2.76998382e+0 2.97861719e+0 2.58462596e+0 2.62438502e+0 2.98627889e+0 2.70205743e+0 2.58711564e+0 2.82001554e+0 3.07259957e+0 2.89888222e+0 2.97907613e+0 2.64181724e+0 2.84063384e+0 2.85058411e+0 2.92953963e+0 2.82201271e+0 3.18768986e+0 3.09161871e+0 2.52620051e+0 2.97605015e+0 3.18814783e+0 2.66249574e+0 
2.58736638e+0 2.64726975e+0 2.51648499e+0 2.65665399e+0 2.61945622e+0 2.45429124e+0 2.51429160e+0 2.65254287e+0 2.56091765e+0 2.49486928e+0 2.04181346e+0 2.50377594e+0 2.59532021e+0 2.42907237e+0 2.07608674e+0 2.41458992e+0 2.56636353e+0 2.51489078e+0 2.56950404e+0 2.62596076e+0 2.57575998e+0 2.72600850e+0 2.80368974e+0 2.47291553e+0 2.55254145e+0 2.47834088e+0 2.14455462e+0 2.59857728e+0 2.73826645e+0 2.36968063e+0 
2.29188689e+0 1.39361786e+0 2.38102390e+0 2.04329938e+0 2.40024775e+0 1.33017378e+0 2.40063379e+0 2.33705361e+0 1.61505672e+0 2.32423198e+0 1.83783801e+0 2.37309055e+0 2.44589467e+0 1.79424478e+0 8.37631388e+0 2.33248265e+0 2.13684109e+0 2.31567502e+0 8.48930001e+0 2.37862364e+0 1.79376431e+0 2.32783613e+0 1.47399388e+0 1.60723383e+0 2.21201832e+0 1.72727404e+0 1.94144947e+0 2.42267326e+0 2.13714205e+0 2.24184010e+0 
1.71178881e+0 1.03051232e+0 1.20579442e+0 1.06273903e+0 1.49233167e+0 9.44606054e+0 2.09458137e+0 1.21413196e+0 9.02721450e+0 1.33544015e+0 6.47810537e+0 2.14740106e+0 2.29091371e+0 1.65108031e+0 3.27814674e+0 1.02181801e+0 1.34108855e+0 1.93591784e+0 2.97992190e+0 2.01655092e+0 1.03350553e+0 1.48426793e+0 5.49662916e+0 1.49484364e+0 1.30141293e+0 1.13786531e+0 7.40179794e+0 1.59605038e+0 1.77989208e+0 1.66269278e+0 
5.32383662e+0 2.10602993e+0 2.54415816e+0 1.97018157e+0 6.08246272e+0 1.88822402e+0 1.02918377e+0 2.12416841e+0 2.20238440e+0 3.11885821e+0 1.69683030e+0 7.56941357e+0 5.50403757e+0 5.42602799e+0 3.54805178e-0 4.29570499e+0 3.68003629e+0 6.29388417e+0 1.41502621e+0 3.93273881e+0 1.58858384e+0 4.71709000e+0 2.43784828e+0 3.78995733e+0 2.91134721e+0 2.71551707e+0 2.36947294e+0 7.19571955e+0 5.92165040e+0 4.42787525e+0 
1.07314592e+0 2.68866839e-0 6.75065087e-0 1.26262140e-0 6.35930768e-0 1.57655259e-0 1.10777360e-0 6.40142781e-0 9.36695590e-0 1.66802957e+0 4.03253528e-0 9.50963248e-0 3.69171543e-0 7.85515736e-0 2.94680717e-0 1.28539017e+0 9.44164352e-0 6.82557881e-0 2.76877381e-0 6.68288888e-0 1.63181023e-0 9.65032429e-0 2.53785040e-0 1.11224380e+0 5.21967791e-0 1.89451551e-0 7.32358502e-0 8.76742573e-0 3.51131400e-0 1.20783120e-0 
7.93276530e-0 1.19233415e-0 6.34684383e-0 1.95911936e-0 1.29090732e-0 6.12250816e-0 4.72866248e-0 6.26269642e-0 8.76864216e-0 7.56055211e-0 1.33349550e-0 8.16612778e-0 6.55067419e-0 7.10334738e-0 2.47100121e-0 8.29146221e-0 6.33570283e-0 2.17239181e-0 1.20322475e-0 2.49300858e-0 6.83796743e-0 7.95611162e-0 1.26512063e-0 8.22199533e-0 2.51813007e-0 4.43855176e-0 6.46010416e-0 7.53216108e-0 5.74131182e-0 9.12470166e-0 
200000 200000 200000 200000 200000 200000 200000 200000 200000 200000 200000 200000 200000 200000 200000 200000 200000 200000 200000 200000 200000 200000 200000 200000 200000 200000 200000 200000 200000 200000 
