5.61247986e+0 5.37707839e+0 5.75372469e+0 5.53783136e+0 5.03322459e+0 5.45940213e+0 4.97496393e+0 5.91370913e+0 5.63700295e+0 5.89485925e+0 5.60054141e+0 5.79101758e+0 5.89398768e+0 5.70656696e+0 4.63413280e+0 5.84683706e+0 5.60345803e+0 5.65222653e+0 5.85601279e+0 5.32696037e+0 5.52340530e+0 5.76664706e+0 5.03467730e+0 5.54712535e+0 5.84862934e+0 5.09100718e+0 5.36566196e+0 5.44294575e+0 5.77716026e+0 5.21672380e+0 
5.54938982e+0 5.04708818e+0 5.14210637e+0 3.83953321e+0 4.32676626e+0 3.60994428e+0 4.97201431e+0 5.32351296e+0 5.21760071e+0 5.45054560e+0 5.22791340e+0 4.89775212e+0 5.02857521e+0 5.25851916e+0 2.18256161e+0 3.94216824e+0 1.14577209e+0 5.23277721e+0 5.15332137e+0 5.24202957e+0 4.52726383e+0 3.67755437e+0 4.93218528e+0 5.17573383e+0 4.84748123e+0 4.87521334e+0 4.97667497e+0 5.40960664e+0 5.23144808e+0 5.21672380e+0 
5.54938982e+0 5.04708818e+0 5.14210637e+0 3.83953321e+0 4.32676626e+0 3.60994428e+0 4.97201431e+0 4.49323160e+0 5.21760071e+0 5.22690460e+0 5.22791340e+0 4.89775212e+0 5.02857521e+0 3.11368405e+0 1.05280890e+0 3.94216824e+0 1.14577209e+0 5.12690717e+0 1.29593529e+0 5.20076732e+0 4.52726383e+0 3.67755437e+0 4.93218528e+0 5.17573383e+0 4.84748123e+0 4.87521334e+0 2.04333204e+0 5.40960664e+0 1.77557166e+0 5.21672380e+0 
5.54938982e+0 5.04708818e+0 5.14210637e+0 3.83953321e+0 4.32676626e+0 3.60994428e+0 4.97201431e+0 4.49323160e+0 5.21760071e+0 5.22690460e+0 5.22791340e+0 4.09518284e+0 5.02857521e+0 3.11368405e+0 1.05280890e+0 3.94216824e+0 1.14577209e+0 5.12690717e+0 1.29593529e+0 5.20076732e+0 4.52726383e+0 3.67755437e+0 4.93218528e+0 5.17573383e+0 4.84748123e+0 4.87521334e+0 1.70142536e+0 5.40960664e+0 1.77557166e+0 5.21672380e+0 
3.43881007e+0 4.73692853e+0 4.67343878e+0 3.83953321e+0 4.02256979e+0 2.99623220e+0 1.96141715e+0 4.20927084e+0 4.88745513e+0 4.67946606e+0 4.76295864e+0 4.09518284e+0 4.45216347e+0 3.11368405e+0 2.94081051e+0 3.09433570e+0 4.62547516e+0 4.40980334e+0 1.29593529e+0 1.72283685e+0 4.15582850e+0 3.15374320e+0 4.76250911e+0 5.17573383e+0 2.24654285e+0 1.49129457e+0 1.57408060e+0 4.89991774e+0 1.77557166e+0 4.98558236e+0 
3.43881007e+0 4.37842753e+0 4.16813895e+0 3.83953321e+0 1.87751288e+0 9.13364902e+0 1.96141715e+0 3.95716831e+0 3.90071630e+0 3.92578413e+0 4.76295864e+0 1.62533372e+0 4.01219702e+0 1.21469002e+0 2.94081051e+0 3.09433570e+0 3.68720242e+0 4.40980334e+0 6.01527032e+0 1.72283685e+0 4.15582850e+0 1.96659378e+0 1.21842082e+0 4.43833450e+0 1.38642626e+0 1.49129457e+0 4.05438835e+0 4.20225705e+0 4.68171402e+0 4.70787935e+0 
2.06437481e+0 4.29510922e+0 1.65141166e+0 3.15931695e+0 1.74414433e+0 3.58922326e+0 6.23791449e+0 9.39967890e+0 1.66532456e+0 2.38063639e+0 3.12027927e+0 4.10042890e+0 7.07045566e+0 6.42295916e+0 2.94081051e+0 1.88695350e+0 3.68720242e+0 6.24614798e+0 4.47388506e+0 3.40886655e+0 9.68348983e+0 9.40077425e+0 1.21842082e+0 3.67625864e+0 6.89601565e+0 7.98245666e+0 3.61449012e+0 3.50192498e+0 4.68171402e+0 1.10273633e+0 
5.12397451e+0 1.87648717e+0 3.56943162e+0 7.21803457e+0 3.67779574e+0 2.02708794e+0 2.94782059e+0 3.70352936e+0 2.36154574e+0 2.25951701e+0 3.07514313e+0 2.97453129e+0 2.22145930e+0 1.59661090e+0 2.33785119e+0 2.73452482e+0 2.06755997e+0 3.40969213e+0 2.15354623e+0 1.78930083e+0 2.67522346e+0 1.96124250e+0 7.12624205e+0 3.27589018e+0 2.44804890e+0 2.55905770e+0 1.42744324e+0 2.97222151e+0 1.86567424e+0 8.56635054e+0 
1.87232601e+0 2.64561997e+0 2.10433975e+0 1.54949465e+0 1.58858776e+0 1.60869198e+0 1.76734743e+0 1.85741355e+0 1.76405182e+0 1.33652846e+0 1.70856743e+0 1.63859080e+0 1.50363901e+0 1.32954465e+0 1.65076137e+0 1.66905906e+0 1.55728025e+0 1.46040888e+0 1.40422911e+0 1.71132466e+0 1.31883776e+0 1.34821212e+0 2.19259150e+0 8.97568891e+0 1.61015450e+0 1.38947266e+0 1.37478041e+0 8.40781248e+0 1.86567424e+0 2.95089439e+0 
1.21571184e+0 1.21704102e+0 1.31041525e+0 1.28993472e+0 1.26400952e+0 1.15262780e+0 1.27499667e+0 1.34625738e+0 1.22087067e+0 1.15861140e+0 1.22488388e+0 1.20323719e+0 1.21753305e+0 1.12251421e+0 1.28270423e+0 1.18424783e+0 1.13078298e+0 1.17133211e+0 1.15044040e+0 1.12491919e+0 1.17594223e+0 1.18272121e+0 1.24110386e+0 3.09722126e+0 1.22456343e+0 1.23930084e+0 1.13487947e+0 1.70669667e+0 1.21012856e+0 1.49377053e+0 
1.05721826e+0 1.03688346e+0 1.03376853e+0 1.01602471e+0 1.01940546e+0 1.01191486e+0 1.01230952e+0 1.05912004e+0 1.02668668e+0 1.01296709e+0 1.01517749e+0 1.01154121e+0 1.02533070e+0 1.01309819e+0 1.02472974e+0 1.03188979e+0 1.01114069e+0 1.01149470e+0 1.01282124e+0 1.02070849e+0 1.01658214e+0 1.02694630e+0 1.02495130e+0 1.37949103e+0 1.01576913e+0 1.03323248e+0 1.01496185e+0 1.22401727e+0 1.01303254e+0 1.02424225e+0 
9.97785814e+0 9.30367174e+0 1.01150025e+0 1.01123024e+0 1.00878250e+0 1.00894685e+0 1.01036569e+0 8.10517511e+0 1.00789336e+0 1.00907372e+0 1.00720660e+0 1.01001655e+0 1.00714433e+0 1.00654320e+0 9.43932380e+0 1.00577749e+0 1.00841656e+0 1.00784064e+0 1.00767604e+0 8.55226324e+0 1.00895983e+0 1.00800033e+0 1.00948448e+0 1.01714746e+0 1.00976830e+0 1.00721504e+0 1.00799319e+0 5.24854586e+0 1.00974058e+0 1.00841341e+0 
4.83173901e+0 3.54231946e+0 5.07049382e+0 1.41102009e+0 1.33049407e+0 5.63824551e+0 1.11916386e+0 5.00429744e+0 2.35853868e+0 1.00907372e+0 1.00720660e+0 6.73832410e+0 7.93445255e+0 1.00654320e+0 7.31614801e+0 2.43047594e+0 1.33530268e+0 9.93628219e+0 8.59724417e+0 4.79785301e+0 3.82463416e+0 1.10685686e+0 3.32321511e+0 1.33016594e+0 4.25116278e+0 1.01647783e+0 1.00799319e+0 2.72874201e+0 5.02469693e+0 6.13284671e+0 
1.87436825e+0 2.40351980e-0 2.67465088e-0 2.42409520e-0 1.58049338e-0 1.74794737e-0 3.22054957e-0 2.38288286e-0 1.42030579e-0 1.00647223e+0 1.00720660e+0 1.72872960e-0 2.71204769e-0 1.00500627e+0 2.98042553e-0 1.72765850e-0 3.49759931e+0 1.51486082e-0 2.39518955e-0 3.88795092e-0 2.60314698e-0 2.20177639e-0 1.56365201e-0 1.25863847e-0 1.67982046e-0 2.53992413e-0 1.00553192e+0 9.82619428e-0 2.84047446e-0 2.82540913e-0 
1.27120469e-0 2.18616498e-0 2.19284563e-0 1.87800639e-0 1.27558099e-0 1.56146742e-0 1.87541546e-0 1.87375980e-0 1.24926562e-0 1.00552026e+0 1.00720660e+0 1.56421784e-0 2.18616485e-0 1.00500627e+0 1.52655318e-0 1.56150581e-0 3.44638367e+0 9.36942299e-0 1.88027155e-0 3.88795092e-0 2.18641549e-0 2.18601790e-0 1.56149215e-0 1.07037600e-0 1.28911117e-0 1.91143219e-0 1.00553192e+0 9.37083107e-0 2.49840325e-0 2.49838591e-0 
1.27120469e-0 2.18606139e-0 2.19284563e-0 1.63117281e-0 1.27558099e-0 1.56145835e-0 1.87417075e-0 1.87375000e-0 9.36875542e-0 1.00552026e+0 1.00628905e+0 1.36809172e-0 2.18616483e-0 1.00500627e+0 1.52561553e-0 1.24952535e-0 3.44634888e+0 9.36884120e-0 1.87384048e-0 3.88795092e-0 2.18616905e-0 2.18601538e-0 1.56149215e-0 1.07037600e-0 1.24917349e-0 1.91143219e-0 1.00553192e+0 9.37081992e-0 2.25386107e-0 2.49836968e-0 
1000000 1000000 1000000 1000000 1000000 1000000 1000000 1000000 1000000 1000000 1000000 1000000 1000000 1000000 1000000 1000000 1000000 1000000 1000000 1000000 1000000 1000000 1000000 1000000 1000000 1000000 1000000 1000000 1000000 1000000 
