1.16552804e+02 1.07593966e+02 1.17914473e+02 9.96183393e+01 1.09445767e+02 1.35472721e+02 1.03270158e+02 1.22764984e+02 1.03984883e+02 1.05661639e+02 1.27451857e+02 1.05247126e+02 1.19485340e+02 1.12035723e+02 1.20488892e+02 1.06774706e+02 1.24602451e+02 1.02986659e+02 1.02676274e+02 9.50422713e+01 1.12452780e+02 1.27013050e+02 1.16450484e+02 1.37853656e+02 1.11311479e+02 1.34938614e+02 1.20340674e+02 1.25404418e+02 1.08839778e+02 1.08045459e+02 
9.98012226e+01 9.80945292e+01 1.06378127e+02 9.72167733e+01 7.47977493e+01 1.14411363e+02 1.03270158e+02 1.07298932e+02 9.62263005e+01 1.05588450e+02 9.46277045e+01 9.13267644e+01 1.03849255e+02 1.03054911e+02 1.15970330e+02 9.21714780e+01 1.00132692e+02 1.02986659e+02 9.32451570e+01 9.50422713e+01 1.02954136e+02 1.07013831e+02 8.68702718e+01 1.18431328e+02 1.02464645e+02 9.73997718e+01 9.87367133e+01 1.13469568e+02 9.05510616e+01 9.01969398e+01 
9.98012226e+01 9.80945292e+01 1.06378127e+02 9.72167733e+01 7.47977493e+01 1.13081036e+02 1.03270158e+02 1.07298932e+02 9.62263005e+01 1.05588450e+02 9.46277045e+01 9.13267644e+01 1.02179358e+02 9.62685796e+01 1.14507568e+02 9.21714780e+01 1.00132692e+02 1.02986659e+02 9.32451570e+01 9.50422713e+01 1.02954136e+02 1.07013831e+02 8.68702718e+01 1.15703667e+02 1.02464645e+02 9.73997718e+01 9.87367133e+01 1.09288877e+02 9.05510616e+01 9.01969398e+01 
9.98012226e+01 9.80945292e+01 1.06378127e+02 9.72167733e+01 7.47977493e+01 1.13081036e+02 1.03270158e+02 1.07298932e+02 9.62263005e+01 1.05588450e+02 9.46277045e+01 9.13267644e+01 1.02179358e+02 9.62685796e+01 1.14507568e+02 9.21714780e+01 1.00132692e+02 1.02986659e+02 9.32451570e+01 9.50422713e+01 1.02954136e+02 1.07013831e+02 8.68702718e+01 1.15703667e+02 1.02464645e+02 9.73997718e+01 9.87367133e+01 1.09288877e+02 9.05510616e+01 9.01969398e+01 
9.60676396e+01 8.93611838e+01 9.76977965e+01 8.67293529e+01 7.47977493e+01 9.53305638e+01 8.40437547e+01 8.14197881e+01 9.44738577e+01 9.39659135e+01 9.46277045e+01 8.72740671e+01 9.92580576e+01 8.03677648e+01 1.05733546e+02 8.08776610e+01 8.92925175e+01 8.79137697e+01 8.83399876e+01 8.05320530e+01 8.30978209e+01 1.01470055e+02 8.02563083e+01 9.07842512e+01 9.01823275e+01 9.00016693e+01 8.38690235e+01 9.02371255e+01 8.96567463e+01 8.38320976e+01 
8.03858821e+01 7.98778275e+01 8.53445952e+01 7.81934232e+01 7.47977493e+01 8.37473975e+01 8.40437547e+01 8.14197881e+01 7.65391810e+01 9.39659135e+01 8.14625035e+01 6.33680461e+01 9.03011988e+01 8.03677648e+01 8.15291940e+01 6.30063915e+01 8.92925175e+01 7.21189369e+01 8.83399876e+01 6.73831267e+01 8.30978209e+01 6.94842756e+01 7.12663560e+01 8.74269446e+01 6.96019798e+01 8.84864210e+01 8.38690235e+01 9.02371255e+01 7.98498356e+01 7.25013728e+01 
8.03858821e+01 6.10562335e+01 6.60700985e+01 4.97571906e+01 5.98966128e+01 8.37473975e+01 7.73403487e+01 6.97380334e+01 5.63547634e+01 8.07149390e+01 6.96860072e+01 6.33680461e+01 7.13594809e+01 7.47884036e+01 6.79649710e+01 6.30063915e+01 7.66971146e+01 7.21189369e+01 7.08322681e+01 6.73831267e+01 7.67530218e+01 6.53470436e+01 6.43232793e+01 7.52978599e+01 5.65054277e+01 8.71030055e+01 7.73424998e+01 8.86787337e+01 7.33611039e+01 5.85594572e+01 
5.26391974e+01 4.95069684e+01 5.83417915e+01 4.32044066e+01 5.24497591e+01 6.17200340e+01 5.75004739e+01 5.13639620e+01 5.07316733e+01 6.03364752e+01 5.47736354e+01 5.34001182e+01 5.70400638e+01 6.34136249e+01 5.40269595e+01 5.31394858e+01 6.55437740e+01 6.05571129e+01 4.99033375e+01 4.45614269e+01 6.27716189e+01 5.58589212e+01 4.48637639e+01 5.07461453e+01 5.33139239e+01 6.66028227e+01 5.71151856e+01 6.89203243e+01 5.43167038e+01 4.87724178e+01 
3.82711405e+01 3.89880911e+01 3.55189265e+01 3.41334464e+01 3.37230704e+01 3.21838179e+01 3.41521808e+01 3.66406546e+01 2.94832349e+01 2.35483901e+01 2.97999626e+01 3.61665779e+01 3.11830282e+01 3.19541204e+01 3.02701858e+01 3.79290222e+01 3.83800840e+01 3.52386061e+01 2.70719038e+01 3.30293646e+01 3.86054522e+01 3.23476891e+01 2.58604296e+01 2.93637586e+01 2.89245763e+01 2.75771460e+01 3.77474939e+01 4.16512622e+01 2.93840959e+01 2.29986361e+01 
1.85799894e+01 1.69660017e+01 1.90526648e+01 1.53324800e+01 1.82013370e+01 1.11302875e+01 1.62801668e+01 1.40006673e+01 1.21630526e+01 1.39464530e+01 1.39966293e+01 1.96965535e+01 1.72534551e+01 1.56126541e+01 1.52046597e+01 1.66981507e+01 1.67361965e+01 1.69729659e+01 1.28299350e+01 1.17836487e+01 1.36886097e+01 1.39207796e+01 9.89854816e+00 1.14140248e+01 1.38096762e+01 1.30485642e+01 1.85180385e+01 2.01945878e+01 1.50367569e+01 1.58500803e+01 
3.66988299e+00 3.02564045e+00 4.04243679e+00 3.97683145e+00 3.51189118e+00 2.49516389e+00 3.23336080e+00 3.40769592e+00 2.80347492e+00 3.79565606e+00 3.86713775e+00 4.51218007e+00 2.75730177e+00 4.08806954e+00 4.49208852e+00 4.31351211e+00 3.51333721e+00 3.90509835e+00 3.09542052e+00 3.29535720e+00 1.90396163e+00 3.77287567e+00 2.43863991e+00 4.04992810e+00 3.25574479e+00 3.77636287e+00 3.78807795e+00 3.31920812e+00 3.58050090e+00 2.73548177e+00 
1.66575340e-01 1.61566250e-01 1.98422950e-01 1.31899666e-01 1.99815057e-01 1.48427960e-01 1.35404587e-01 1.31802863e-01 2.24347818e-01 2.21224729e-01 1.07078075e-01 2.26099212e-01 1.48430123e-01 2.72633339e-01 2.57123216e-01 1.77487642e-01 1.93761103e-01 2.13312143e-01 9.01323194e-02 1.49862284e-01 1.12662808e-01 1.21665416e-01 1.29670264e-01 2.76902113e-01 8.34559221e-02 1.61951573e-01 1.78984918e-01 1.38206710e-01 1.96431909e-01 1.22895093e-01 
4.58090865e-04 2.62008491e-04 3.04426923e-04 1.98168928e-04 2.56256085e-04 3.33932054e-04 1.55842970e-04 1.92210427e-04 2.88544202e-04 2.72194041e-04 1.33879939e-04 2.82190504e-04 3.44473828e-04 4.12796573e-04 2.34599092e-04 3.14118095e-04 1.64607267e-04 2.66499212e-04 1.30162789e-04 2.43254245e-04 1.49588316e-04 1.43732822e-04 1.48240575e-04 2.89752322e-04 1.82059266e-04 2.50329977e-04 2.48768025e-04 8.36584894e-05 4.36076916e-04 1.74842960e-04 
9.75649073e-09 9.87574822e-09 9.52354640e-09 9.49512469e-09 9.84198323e-09 9.92952209e-09 8.09757239e-09 9.37518507e-09 8.86495855e-09 9.76581305e-09 9.91383331e-09 8.09757239e-09 9.48909928e-09 9.63052571e-09 9.40883638e-09 9.23500920e-09 9.68145741e-09 9.69225766e-09 9.68077529e-09 8.85358986e-09 9.93202320e-09 9.22841537e-09 9.61949809e-09 9.19021659e-09 9.11904863e-09 9.97488314e-09 6.50902621e-09 9.84800863e-09 9.92042715e-09 9.73375336e-09 
9.75649073e-09 9.87574822e-09 9.52354640e-09 9.49512469e-09 9.84198323e-09 9.92952209e-09 8.09757239e-09 9.37518507e-09 8.86495855e-09 9.76581305e-09 9.91383331e-09 8.09757239e-09 9.48909928e-09 9.63052571e-09 9.40883638e-09 9.23500920e-09 9.68145741e-09 9.69225766e-09 9.68077529e-09 8.85358986e-09 9.93202320e-09 9.22841537e-09 9.61949809e-09 9.19021659e-09 9.11904863e-09 9.97488314e-09 6.50902621e-09 9.84800863e-09 9.92042715e-09 9.73375336e-09 
9.75649073e-09 9.87574822e-09 9.52354640e-09 9.49512469e-09 9.84198323e-09 9.92952209e-09 8.09757239e-09 9.37518507e-09 8.86495855e-09 9.76581305e-09 9.91383331e-09 8.09757239e-09 9.48909928e-09 9.63052571e-09 9.40883638e-09 9.23500920e-09 9.68145741e-09 9.69225766e-09 9.68077529e-09 8.85358986e-09 9.93202320e-09 9.22841537e-09 9.61949809e-09 9.19021659e-09 9.11904863e-09 9.97488314e-09 6.50902621e-09 9.84800863e-09 9.92042715e-09 9.73375336e-09 
263229 253693 265525 259603 259182 259861 252213 257125 254070 260836 251322 266072 263324 265572 257845 250630 257253 257173 246283 258992 247604 258147 252263 258146 253904 253913 252614 249714 266042 254579 
